19 0.426471 0.541892 0.00490196 0.0351351
19 0.42402 0.541892 0.00490196 0.0351351
19 0.428513 0.540541 0.00408497 0.0324324
19 0.42116 0.544595 0.00571895 0.0351351
19 0.377451 0.532432 0.0130719 0.0432432
8 0.375817 0.562162 0.0277778 0.0216216
10 0.377859 0.382432 0.107026 0.402703
3 0.340686 0.558108 0.0294118 0.00810811
10 0.167484 0.325676 0.156863 0.483784
19 0.429739 0.539189 0.00326797 0.0219 0.415441 0.547297 0.00571895 0.0405405
6 0.4375 0.654054 0.0383987 0.0702703
3 0.370915 0.55 0.0245098 0.00810811
19 0.354575 0.537838 0.0163399 0.0486486
19 0.418709 0.545946 0.00571895 0.0378378
19 0.837827 0.562162 0.0710784 0.00540541
19 0.177696 0.537838 0.0204248 0.0486486
2 0.977533 0.55 0.0220588 0.0405405
2 0.934232 0.55 0.0220588 0.0405405
15 0.441993 0.57973 0.452614 0.116216
2 0.955882 0.55 0.0228758 0.0405405
15 0.437092 0.67027 0.874183 0.275676
8 0.718137 0.6 0.390523 0.0702703
8 0.806781 0.574324 0.144608 0.0189189
7 0.529003 0.556757 0.111928 0.0108108
8 0.348039 0.6 0.156863 0.0864865
2 0.912582 0.55 0.0228758 0.0405405
7 0.451389 0.556757 0.0514706 0.0108108
7 0.41299 0.601351 0.107026 0.0405405
7 0.498366 0.601351 0.0947712 0.0405405
8 0.192402 0.558108 0.384804 0.0189189
8 0.626225 0.659459 0.169118 0.0972973
7 0.538807 0.571622 0.144608 0.0189189
7 0.439134 0.571622 0.0678105 0.0189189
2 0.890931 0.55 0.0220588 0.0405405
7 0.497549 0.655405 0.143791 0.072973
7 0.5 0.824324 0.344771 0.27027
7 0.212827 0.827027 0.425654 0.27027
5 0.265523 0.464865 0.0212418 0.194595
8 0.25 0.660811 0.222222 0.0945946
7 0.366422 0.655405 0.170752 0.072973
2 0.86969 0.55 0.0220588 0.0405405
2 0.613562 0.558108 0.0620915 0.0567568
2 0.652778 0.552703 0.0228758 0.0405405
2 0.783088 0.551351 0.0220588 0.0432432
2 0.739788 0.552703 0.0220588 0.0405405
2 0.696487 0.552703 0.0220588 0.0405405
2 0.804739 0.551351 0.0228758 0.0432432
2 0.674428 0.552703 0.0220588 0.0405405
2 0.341503 0.55 0.0228758 0.0405405
2 0.718137 0.552703 0.0228758 0.0405405
2 0.848039 0.55 0.0228758 0.0405405
2 0.826389 0.551351 0.0220588 0.0432432
2 0.761438 0.551351 0.0228758 0.0432432
2 0.254085 0.551351 0.0228758 0.0432432
2 0.319853 0.55 0.0220588 0.0405405
2 0.276144 0.55 0.0228758 0.0405405
2 0.232435 0.551351 0.0220588 0.0432432
10 0.863154 0.552703 0.00408497 0.0243243
2 0.348039 0.552703 0.00980392 0.0459459
10 0.841912 0.552703 0.00408497 0.0243243
10 0.842729 0.552703 0.00408497 0.0243243
2 0.166667 0.551351 0.0228758 0.0432432
2 0.0792484 0.551351 0.0228758 0.0432432
10 0.824755 0.552703 0.00408497 0.0243243
10 0.860703 0.552703 0.00408497 0.0243243
10 0.841503 0.552703 0.00490196 0.0243243
2 0.328431 0.560811 0.0114379 0.0513514
10 0.846814 0.552703 0.00408497 0.0243243
2 0.101307 0.551351 0.0228758 0.0432432
2 0.144608 0.551351 0.0228758 0.0432432
2 0.339052 0.556757 0.00980392 0.0486486
2 0.0571895 0.551351 0.0228758 0.0432432
2 0.122549 0.551351 0.0228758 0.0432432
10 0.835376 0.552703 0.00408497 0.0243243
10 0.826389 0.552703 0.00408497 0.0243243
2 0.188725 0.551351 0.0228758 0.0432432
2 0.00122549 0.552703 0.00245098 0.0405405
2 0.210784 0.551351 0.0228758 0.0432432
2 0.0351307 0.551351 0.0228758 0.0432432
10 0.823121 0.552703 0.00408497 0.0243243
2 0.0130719 0.552703 0.0228758 0.0405405
10 0.841503 0.551351 0.00490196 0.0216216
5 0.52982 0.348649 0.146242 0.697297
18 0.60866 0.464865 0.00490196 0.0432432
5 0.427696 0.386486 0.0563725 0.372973
18 0.537173 0.444595 0.00571895 0.0675676
5 0.537173 0.494595 0.00245098 0.178378
5 0.605801 0.398649 0.0155229 0.332432
5 0.605801 0.495946 0.000816993 0.110811
19 0.251225 0.541892 0.0106209 0.0459459
