19 0.909314 0.622973 0.0343137 0.0567568
3 0.631536 0.554054 0.0261438 0.0108108
7 0.421977 0.594595 0.0955882 0.0324324
7 0.595588 0.648649 0.331699 0.0756757
8 0.362337 0.593243 0.14134 0.072973
19 0.955474 0.581081 0.0416667 0.00540541
7 0.810049 0.622973 0.311275 0.0243243
20 0.629902 0.540541 0.00490196 0.027027
20 0.621732 0.521622 0.0228758 0.0648649
7 0.456699 0.555405 0.0490196 0.00810811
20 0.626225 0.540541 0.00571895 0.027027
19 0.781863 0.581081 0.0343137 0.00540541
19 0.637663 0.475676 0.0383987 0.221622
19 0.650327 0.506757 0.0179739 0.132432
7 0.557598 0.594595 0.198529 0.0324324
7 0.5 0.555405 0.0457516 0.00810811
7 0.375408 0.647297 0.16585 0.072973
7 0.758578 0.602703 0.252451 0.0162162
7 0.500817 0.568919 0.0620915 0.0189189
7 0.443627 0.568919 0.0686275 0.0189189
1 0.769608 0.362162 0.0147059 0.0378378
2 0.997549 0.643243 0.00490196 0.113514
8 0.710784 0.587838 0.272876 0.0513514
10 0.790033 0.295946 0.132353 0.591892
12 0.183824 0.621622 0.0555556 0.0972973
2 0.966095 0.643243 0.0629085 0.113514
12 0.127042 0.643243 0.0759804 0.118919
2 0.785948 0.643243 0.0620915 0.113514
12 0.225899 0.604054 0.0433007 0.0837838
18 0.701797 0.443243 0.00980392 0.0702703
5 0.613154 0.487838 0.00571895 0.467568
5 0.508578 0.401351 0.0482026 0.327027
18 0.615605 0.354054 0.0171569 0.183784
12 0.367239 0.55 0.0122549 0.0351351
12 0.303513 0.574324 0.0236928 0.0567568
12 0.394199 0.539189 0.00898693 0.0297297
12 0.334967 0.562162 0.0179739 0.0486486
12 0.283088 0.582432 0.0285948 0.0621622
12 0.347222 0.556757 0.0147059 0.0432432
12 0.357435 0.552703 0.0138889 0.0405405
12 0.32067 0.568919 0.0204248 0.0513514
5 0.898284 0.345946 0.0645425 0.508108
12 0.375 0.547297 0.0114379 0.0351351
12 0.382353 0.543243 0.00980392 0.0324324
12 0.257761 0.591892 0.0351307 0.0702703
5 0.366013 0.32027 0.107843 0.640541
12 0.38848 0.541892 0.00898693 0.0297297
5 0.697304 0.494595 0.00245098 0.183784
5 0.413399 0.495946 0.00163399 0.148649
18 0.414216 0.455405 0.00490196 0.0567568
