19 0.604575 0.589189 0.0326797 0.0432432
19 0.574346 0.563514 0.0228758 0.0297297
19 0.63031 0.610811 0.0416667 0.0540541
20 0.317402 0.537838 0.0122549 0.0540541
19 0.691993 0.547297 0.0196078 0.0189189
10 0.150327 0.377027 0.106209 0.754054
20 0.338235 0.537838 0.0130719 0.0540541
20 0.394199 0.533784 0.0122549 0.0513514
20 0.414624 0.535135 0.0122549 0.0540541
20 0.361928 0.52973 0.0114379 0.0432432
20 0.427288 0.52973 0.0114379 0.0432432
10 0.381536 0.451351 0.0326797 0.248649
20 0.419526 0.533784 0.0122549 0.0513514
1 0.0126634 0.166216 0.0253268 0.132432
20 0.346814 0.535135 0.0122549 0.0540541
20 0.401144 0.533784 0.0114379 0.0513514
20 0.35049 0.532432 0.0114379 0.0486486
20 0.340686 0.531081 0.0114379 0.0459459
19 0.586601 0.574324 0.0261438 0.0351351
20 0.409722 0.52973 0.0106209 0.0432432
20 0.357843 0.531081 0.0114379 0.0459459
19 0.315359 0.614865 0.0408497 0.00810811
19 0.413807 0.545946 0.00571895 0.0378378
19 0.151144 0.717568 0.0964052 0.0297297
19 0.381536 0.572973 0.0245098 0.00540541
19 0.330474 0.555405 0.0138889 0.0405405
1 0.229984 0.483784 0.0612745 0.140541
7 0.446078 0.566216 0.0620915 0.0135135
6 0.455065 0.617568 0.0245098 0.0405405
6 0.474265 0.566216 0.0106209 0.0135135
6 0.275735 0.868919 0.288399 0.262162
20 0.34518 0.509459 0.0383987 0.0945946
20 0.406863 0.510811 0.0408497 0.102703
7 0.430556 0.585135 0.0816993 0.0243243
7 0.455474 0.555405 0.0498366 0.00810811
20 0.332108 0.512162 0.0416667 0.105405
6 0.426879 0.687838 0.0531046 0.1
20 0.420752 0.508108 0.0359477 0.0864865
6 0.466912 0.585135 0.0155229 0.0243243
19 0.283088 0.571622 0.0187908 0.0513514
7 0.403186 0.617568 0.120098 0.0405405
15 0.685049 0.543243 0.0890523 0.0486486
15 0.737337 0.543243 0.0988562 0.0486486
8 0.568219 0.587838 0.0808824 0.0351351
2 0.590686 0.536486 0.00326797 0.0297297
7 0.500408 0.689189 0.180556 0.102703
10 0.323938 0.424324 0.102124 0.248649
8 0.315768 0.62027 0.14951 0.0621622
8 0.198529 0.695946 0.292484 0.132432
8 0.395425 0.568919 0.0718954 0.0243243
2 0.95098 0.677027 0.0669935 0.159459
10 0.310049 0.316216 0.139706 0.632432
10 0.275735 0.409459 0.139706 0.327027
7 0.5 0.555405 0.0457516 0.00810811
15 0.632353 0.543243 0.0784314 0.0486486
10 0.326389 0.418919 0.102124 0.248649
8 0.36683 0.587838 0.0980392 0.0351351
7 0.5 0.566216 0.0571895 0.0135135
5 0.629493 0.472973 0.00898693 0.167568
7 0.5 0.585135 0.0735294 0.0243243

7 0.338235 0.689189 0.218954 0.102703
8 0.659722 0.695946 0.216503 0.132432
7 0.5 0.617568 0.104575 0.0405405
2 0.70915 0.57973 0.0147059 0.0675676
2 0.696078 0.575676 0.0130719 0.0648649
2 0.814951 0.622973 0.0334967 0.105405
2 0.849673 0.636486 0.0408497 0.121622
2 0.785948 0.610811 0.0277778 0.0972973
2 0.684641 0.57027 0.0114379 0.0594595
2 0.724265 0.586486 0.0171569 0.0756757
2 0.761846 0.601351 0.0236928 0.0891892
2 0.894199 0.654054 0.0514706 0.135135
2 0.74183 0.593243 0.0196078 0.0783784
19 0.401144 0.554054 0.00980392 0.0594595
19 0.550654 0.563514 0.0114379 0.0675676
5 0.546977 0.445946 0.293301 0.891892
2 0.620507 0.545946 0.00571895 0.0378378
2 0.630719 0.55 0.00653595 0.0405405
5 0.401961 0.339189 0.0800654 0.532432
2 0.64951 0.556757 0.00816993 0.0486486
2 0.625408 0.547297 0.00571895 0.0405405
2 0.642565 0.554054 0.00735294 0.0432432
2 0.656863 0.559459 0.00816993 0.0486486
5 0.506127 0.408108 0.0449346 0.302703
19 0.716503 0.536486 0.00816993 0.0405405
2 0.674428 0.566216 0.0106209 0.0567568
2 0.636438 0.551351 0.00653595 0.0432432
2 0.665033 0.563514 0.00980392 0.0513514
