19 0.55719 0.548649 0.0163399 0.0216216
19 0.663807 0.640541 0.0547386 0.0702703
19 0.85335 0.558108 0.0269608 0.0243243
10 0.416667 0.464865 0.0179739 0.172973
19 0.623366 0.606757 0.0392157 0.0513514
19 0.551471 0.543243 0.0147059 0.0216216
19 0.966912 0.558108 0.0285948 0.0243243
19 0.73652 0.704054 0.0857843 0.110811
19 0.60049 0.585135 0.0310458 0.0405405
19 0.923203 0.558108 0.0277778 0.0243243
20 0.283905 0.544595 0.0155229 0.0675676
20 0.291667 0.540541 0.0147059 0.0594595
20 0.293301 0.548649 0.0163399 0.0702703
10 0.341503 0.433784 0.0441176 0.337838
20 0.306781 0.544595 0.0155229 0.0675676
20 0.267974 0.547297 0.0163399 0.0675676
20 0.314542 0.541892 0.0147059 0.0621622
20 0.325163 0.539189 0.0130719 0.0567568
20 0.311683 0.537838 0.0122549 0.0540541
20 0.36683 0.532432 0.0114379 0.0486486
20 0.377451 0.541892 0.0147059 0.0621622
20 0.349673 0.532432 0.0114379 0.0486486
20 0.332516 0.537838 0.0130719 0.0540541
20 0.367239 0.543243 0.0155229 0.0648649
20 0.322304 0.535135 0.0122549 0.0540541
20 0.39951 0.541892 0.0147059 0.0621622
20 0.359886 0.533784 0.0122549 0.0513514
20 0.392565 0.544595 0.0155229 0.0675676
20 0.404412 0.512162 0.0424837 0.105405
20 0.40768 0.509459 0.0375817 0.0945946
20 0.383987 0.513514 0.0506536 0.12973
20 0.416258 0.532432 0.0122549 0.0486486
20 0.403186 0.531081 0.0106209 0.0459459
20 0.28799 0.514865 0.0531046 0.137838
20 0.417075 0.535135 0.0122549 0.0540541
20 0.395425 0.532432 0.0114379 0.0486486
20 0.397876 0.535135 0.0130719 0.0540541
20 0.326797 0.512162 0.0424837 0.105405
19 0.389297 0.559459 0.00735294 0.0486486
20 0.309232 0.513514 0.0465686 0.118919
1 0.153186 0.478378 0.0857843 0.183784
19 0.276552 0.572973 0.0187908 0.0540541
20 0.420343 0.531081 0.0106209 0.0459459
20 0.390523 0.537838 0.0130719 0.0540541
7 0.334967 0.691892 0.223856 0.102703
7 0.430147 0.586486 0.0825163 0.0216216
19 0.341912 0.597297 0.0334967 0.00540541
6 0.466912 0.586486 0.0155229 0.0216216
6 0.259395 0.871622 0.31781 0.256757
6 0.473448 0.567568 0.0106209 0.0162162
19 0.196078 0.689189 0.0800654 0.0216216
6 0.454248 0.617568 0.0245098 0.0405405
7 0.402369 0.618919 0.121732 0.0432432
6 0.425654 0.690541 0.0539216 0.105405
7 0.445261 0.567568 0.0620915 0.0162162
7 0.455474 0.555405 0.0498366 0.00810811
8 0.192402 0.698649 0.299837 0.137838
7 0.5 0.618919 0.106209 0.0432432
8 0.568627 0.587838 0.0816993 0.0351351
8 0.365605 0.587838 0.0988562 0.0351351
7 0.500817 0.691892 0.184641 0.102703
7 0.5 0.567568 0.0571895 0.0162162
10 0.268791 0.390541 0.145425 0.337838
7 0.5 0.586486 0.0735294 0.0216216
10 0.186683 0.368919 0.242647 0.737838
8 0.66299 0.698649 0.221405 0.137838
10 0.169118 0.364865 0.232026 0.497297
8 0.313725 0.621622 0.151961 0.0594595
10 0.265114 0.397297 0.146242 0.340541
8 0.553513 0.568919 0.0612745 0.0243243
7 0.499592 0.555405 0.0465686 0.00810811
8 0.394608 0.568919 0.0718954 0.0243243
1 0.232843 0.347297 0.196078 0.191892
2 0.924428 0.666216 0.0596405 0.148649
2 0.774918 0.606757 0.0253268 0.0891892
2 0.833742 0.62973 0.0367647 0.113514
15 0.920343 0.552703 0.159314 0.0621622
2 0.873775 0.645946 0.0465686 0.12973
15 0.794935 0.552703 0.137255 0.0621622
2 0.59232 0.536486 0.00326797 0.0297297
2 0.975899 0.693243 0.0482026 0.175676
5 0.838235 0.466216 0.0196078 0.208108
2 0.734069 0.590541 0.0187908 0.0783784
2 0.598856 0.537838 0.00326797 0.0324324
2 0.609477 0.543243 0.00490196 0.0378378
2 0.605801 0.541892 0.00408497 0.0351351
15 0.729575 0.552703 0.120915 0.0621622
15 0.859886 0.552703 0.152778 0.0621622
2 0.801471 0.617568 0.0310458 0.1
5 0.659722 0.466216 0.0122549 0.208108
2 0.602124 0.540541 0.00326797 0.0324324
2 0.752859 0.598649 0.0220588 0.0837838
1 0.232843 0.347297 0.196078 0.191892
15 0.664624 0.554054 0.105392 0.0648649
2 0.595588 0.537838 0.00326797 0.0324324
2 0.661356 0.560811 0.00898693 0.0513514
5 0.348448 0.332432 0.125 0.664865
2 0.690768 0.574324 0.0122549 0.0621622
2 0.669935 0.564865 0.00980392 0.0540541
2 0.703431 0.578378 0.0147059 0.0648649
2 0.679739 0.568919 0.0114379 0.0567568
5 0.507353 0.385135 0.0555556 0.375676
2 0.653595 0.559459 0.00816993 0.0486486
2 0.71732 0.583784 0.0163399 0.0702703
19 0.574755 0.593243 0.0171569 0.1
19 0.526552 0.533784 0.00571895 0.0351351
19 0.362745 0.575676 0.0147059 0.0810811
19 0.767974 0.545946 0.0114379 0.0486486
