19 0.689542 0.656757 0.0653595 0.0864865
19 0.610294 0.587838 0.0343137 0.0459459
19 0.640523 0.613514 0.0457516 0.0594595
19 0.591503 0.571622 0.0277778 0.0351351
6 0.47835 0.554054 0.00898693 0.0108108
6 0.406454 0.736486 0.0792484 0.159459
6 0.464869 0.589189 0.0179739 0.027027
6 0.449346 0.62973 0.0310458 0.0540541
19 0.216095 0.671622 0.0727124 0.0189189
19 0.55433 0.539189 0.0155229 0.0189189
19 0.348039 0.589189 0.0326797 0.00540541
7 0.501225 0.589189 0.0825163 0.027027
8 0.288399 0.632432 0.181373 0.0756757
6 0.196487 0.908108 0.392974 0.183784
7 0.501634 0.736486 0.243464 0.159459
7 0.424428 0.589189 0.0923203 0.027027
7 0.288399 0.736486 0.303922 0.159459
7 0.500817 0.554054 0.0490196 0.0108108
10 0.40482 0.404054 0.0318627 0.305405
8 0.547794 0.554054 0.0531046 0.0216216
7 0.501634 0.62973 0.122549 0.0540541
7 0.45384 0.554054 0.0531046 0.0108108
8 0.558824 0.567568 0.0669935 0.027027
8 0.409314 0.554054 0.0604575 0.0216216
6 0.473039 0.567568 0.0114379 0.0162162
8 0.353758 0.590541 0.111111 0.0405405
7 0.442402 0.567568 0.0678105 0.0162162
8 0.71201 0.745946 0.301471 0.2
7 0.501225 0.567568 0.0612745 0.0162162
7 0.38848 0.62973 0.142974 0.0540541
8 0.388072 0.567568 0.0784314 0.027027
8 0.159314 0.745946 0.318627 0.2
10 0.344771 0.3 0.114379 0.6
10 0.211193 0.345946 0.169118 0.691892
2 0.974265 0.697297 0.0514706 0.183784
2 0.63031 0.545946 0.00571895 0.0432432
2 0.657271 0.556757 0.00898693 0.0540541
2 0.642565 0.551351 0.00735294 0.0486486
2 0.698938 0.574324 0.0138889 0.0675676
2 0.636438 0.548649 0.00653595 0.0432432
2 0.82884 0.628378 0.0383987 0.116216
2 0.796569 0.614865 0.0310458 0.105405
2 0.64951 0.554054 0.00816993 0.0486486
2 0.729167 0.587838 0.0187908 0.0783784
2 0.869281 0.645946 0.0473856 0.135135
2 0.770016 0.604054 0.0253268 0.0945946
2 0.747958 0.594595 0.0220588 0.0864865
2 0.686683 0.568919 0.0122549 0.0621622
2 0.92116 0.667568 0.0612745 0.156757
2 0.712827 0.57973 0.0155229 0.072973
5 0.329657 0.340541 0.142974 0.681081
2 0.597222 0.532432 0.00326797 0.0324324
2 0.625408 0.544595 0.00571895 0.0405405
19 0.568627 0.578378 0.0147059 0.0918919
2 0.603758 0.535135 0.00326797 0.0324324
4 0.670343 0.587838 0.0253268 0.305405
2 0.611111 0.537838 0.00490196 0.0378378
2 0.615196 0.540541 0.00490196 0.0378378
2 0.620098 0.541892 0.00490196 0.0405405
5 0.50817 0.401351 0.0457516 0.305405
2 0.607435 0.536486 0.00408497 0.0351351
2 0.593954 0.531081 0.00326797 0.0297297
4 0.839052 0.604054 0.0343137 0.354054
2 0.60049 0.532432 0.00326797 0.0324324
