19 0.169935 0.518919 0.0228758 0.12973
20 0.398284 0.527027 0.00898693 0.0432432
20 0.482843 0.52973 0.00816993 0.0432432
1 0.174428 0.359459 0.152778 0.145946
20 0.468954 0.531081 0.00816993 0.0459459
1 0.20915 0.377027 0.129085 0.127027
1 0.127042 0.335135 0.187092 0.172973
7 0.0780229 0.67027 0.0661765 0.0162162
20 0.386846 0.527027 0.00898693 0.0432432
1 0.127042 0.195946 0.187092 0.202703
1 0.20915 0.272973 0.129085 0.140541
20 0.370507 0.535135 0.0106209 0.0540541
20 0.334559 0.541892 0.0155229 0.0675676
20 0.342729 0.539189 0.0138889 0.0621622
20 0.448529 0.539189 0.0114379 0.0621622
20 0.428513 0.536486 0.0106209 0.0621622
20 0.519199 0.541892 0.0122549 0.0621622
20 0.455882 0.52973 0.00816993 0.0432432
20 0.536356 0.540541 0.0122549 0.0594595
20 0.476307 0.533784 0.00980392 0.0513514
20 0.426879 0.540541 0.0122549 0.0648649
20 0.459559 0.532432 0.00898693 0.0486486
20 0.514706 0.540541 0.0114379 0.0594595
20 0.357843 0.532432 0.0114379 0.0540541
20 0.360294 0.540541 0.0130719 0.0648649
20 0.444853 0.533784 0.00898693 0.0513514
20 0.375408 0.531081 0.0106209 0.0513514
20 0.459967 0.533784 0.00980392 0.0513514
20 0.409722 0.537838 0.0122549 0.0648649
20 0.390114 0.533784 0.0106209 0.0513514
20 0.364379 0.516216 0.0555556 0.162162
20 0.36683 0.551351 0.0163399 0.0756757
20 0.359069 0.555405 0.0171569 0.0837838
20 0.427696 0.513514 0.0383987 0.124324
20 0.373366 0.509459 0.0359477 0.105405
20 0.340278 0.554054 0.0171569 0.0810811
20 0.398693 0.508108 0.0294118 0.0864865
20 0.414216 0.527027 0.00816993 0.0432432
20 0.488154 0.551351 0.0155229 0.0810811
20 0.336601 0.513514 0.0473856 0.12973
20 0.50817 0.55 0.0147059 0.0783784
865
20 0.461601 0.510811 0.0310458 0.102703
20 0.513889 0.555405 0.0163399 0.0837838
20 0.389706 0.554054 0.0163399 0.0810811
20 0.320261 0.540541 0.0147059 0.0648649
20 0.537173 0.552703 0.0155229 0.0783784
19 0.276961 0.593243 0.0212418 0.116216
20 0.514297 0.518919 0.0531046 0.162162
2 0.669526 0.589189 0.0171569 0.0756757
7 0.571487 0.745946 0.491013 0.102703
2 0.686683 0.597297 0.0204248 0.0810811
19 0.613154 0.516216 0.125 0.275676
2 0.116013 0.601351 0.0457516 0.0945946
2 0.654412 0.583784 0.0147059 0.0702703
7 0.662582 0.5 0.674837 1
2 0.289216 0.6 0.0424837 0.0918919
2 0.451389 0.598649 0.0400327 0.0891892
2 0.205065 0.6 0.0441176 0.0918919
20 0.517974 0.513514 0.0392157 0.118919
2 0.530637 0.597297 0.0383987 0.0864865
2 0.0212418 0.602703 0.0424837 0.0972973
2 0.55433 0.541892 0.00408497 0.0351351
2 0.587827 0.555405 0.00735294 0.0459459
2 0.602124 0.562162 0.00816993 0.0486486
5 0.781046 0.493243 0.00653595 0.364865
2 0.581699 0.554054 0.00653595 0.0432432
5 0.825572 0.366216 0.126634 0.732432
2 0.544118 0.537838 0.00326797 0.0324324
2 0.594771 0.559459 0.00816993 0.0486486
2 0.610294 0.564865 0.00980392 0.0540541
2 0.619281 0.568919 0.00980392 0.0567568
2 0.557598 0.544595 0.00408497 0.0351351
2 0.547386 0.539189 0.00326797 0.0297297
2 0.576389 0.551351 0.00571895 0.0432432
2 0.571078 0.55 0.00490196 0.0405405
2 0.550245 0.540541 0.00408497 0.0324324
2 0.629493 0.572973 0.0122549 0.0594595
18 0.789624 0.391892 0.0204248 0.140541
