19 0.825572 0.783784 0.129902 0.167568
20 0.171977 0.566216 0.0220588 0.0945946
20 0.0433007 0.609459 0.0375817 0.159459
19 0.569444 0.559459 0.0212418 0.027027
10 0.371324 0.447297 0.0302288 0.267568
20 0.178922 0.574324 0.0245098 0.110811
20 0.205474 0.567568 0.0220588 0.0972973
20 0.056781 0.593243 0.0318627 0.137838
10 0.408905 0.462162 0.0187908 0.189189
1 0.321078 0.4 0.0130719 0.0378378
20 0.142157 0.572973 0.0245098 0.108108
19 0.561275 0.551351 0.0179739 0.0216216
20 0.267565 0.558108 0.0204248 0.0837838
19 0.594771 0.581081 0.0294118 0.0378378
20 0.101716 0.594595 0.0302288 0.140541
20 0.142565 0.582432 0.0269608 0.121622
19 0.861928 0.609459 0.0506536 0.0459459
20 0.237337 0.558108 0.0187908 0.0837838
19 0.944853 0.609459 0.0531046 0.0459459
20 0.285131 0.552703 0.0179739 0.0783784
20 0.102533 0.581081 0.0253268 0.118919
1 0.276552 0.375676 0.0171569 0.0486486
20 0.278186 0.594595 0.0318627 0.140541
20 0.345588 0.567568 0.0228758 0.0972973
20 0.304739 0.583784 0.0277778 0.124324
20 0.199755 0.560811 0.0204248 0.0891892
20 0.229167 0.591892 0.0302288 0.135135
20 0.230801 0.560811 0.0204248 0.0891892
20 0.262255 0.582432 0.0277778 0.121622
20 0.269199 0.531081 0.0988562 0.267568
19 0.371732 0.578378 0.0261438 0.00540541
6 0.453431 0.621622 0.0261438 0.0432432
20 0.142157 0.527027 0.0849673 0.232432
20 0.349265 0.548649 0.0171569 0.0702703
20 0.335784 0.521622 0.0718954 0.189189
20 0.375408 0.548649 0.0171569 0.0702703
20 0.332925 0.551351 0.0171569 0.0756757
6 0.422794 0.698649 0.0580065 0.110811
19 0.0482026 0.797297 0.0964052 0.0540541
20 0.202614 0.521622 0.0702614 0.189189
20 0.310049 0.566216 0.0220588 0.0945946
6 0.466095 0.587838 0.0155229 0.0243243
20 0.366013 0.552703 0.0179739 0.0783784
19 0.245507 0.640541 0.0220588 0.118919
20 0.359477 0.560811 0.0212418 0.0891892
20 0.0526961 0.535135 0.105392 0.308108
20 0.328023 0.560811 0.0204248 0.0891892
20 0.354575 0.516216 0.0588235 0.151351
6 0.473448 0.568919 0.0106209 0.0135135
6 0.21732 0.877027 0.393791 0.245946
8 0.393382 0.568919 0.0727124 0.0243243
7 0.428922 0.587838 0.0849673 0.0243243
7 0.5 0.621622 0.107843 0.0432432
7 0.328431 0.698649 0.235294 0.110811
7 0.444853 0.568919 0.0629085 0.0135135
7 0.5 0.568919 0.0571895 0.0135135
7 0.399918 0.621622 0.125 0.0432432
7 0.455065 0.556757 0.0506536 0.0108108
8 0.569444 0.589189 0.0833333 0.0378378
2 0.64951 0.559459 0.00816993 0.0486486
5 0.799837 0.437838 0.0343137 0.394595
8 0.669526 0.705405 0.232843 0.145946
2 0.686275 0.574324 0.0130719 0.0621622
2 0.66585 0.566216 0.00980392 0.0567568
15 0.82884 0.612162 0.272059 0.143243
2 0.657271 0.562162 0.00898693 0.0540541
8 0.309641 0.624324 0.156863 0.0648649
8 0.598448 0.624324 0.123366 0.0648649
15 0.895016 0.612162 0.209967 0.143243
7 0.5 0.587838 0.0751634 0.0243243
7 0.499592 0.556757 0.0465686 0.0108108
2 0.635621 0.554054 0.00653595 0.0432432
8 0.180147 0.705405 0.316176 0.145946
2 0.641748 0.556757 0.00735294 0.0486486
7 0.500817 0.698649 0.19281 0.110811
2 0.675654 0.57027 0.0114379 0.0594595
2 0.593137 0.536486 0.00326797 0.0297297
2 0.88031 0.648649 0.0482026 0.12973
2 0.596405 0.537838 0.00326797 0.0324324
2 0.599265 0.537838 0.00408497 0.0324324
2 0.933007 0.67027 0.0620915 0.151351
2 0.624592 0.55 0.00571895 0.0405405
2 0.614379 0.545946 0.00490196 0.0378378
2 0.610294 0.543243 0.00490196 0.0378378
2 0.602533 0.540541 0.00408497 0.0324324
2 0.839052 0.632432 0.0392157 0.113514
2 0.980392 0.698649 0.0392157 0.181081
2 0.619281 0.547297 0.00490196 0.0405405
2 0.629902 0.551351 0.00653595 0.0432432
2 0.606618 0.541892 0.00408497 0.0351351
5 0.431373 0.386486 0.0555556 0.372973
5 0.504085 0.421622 0.0392157 0.259459
19 0.54085 0.55 0.00816993 0.0513514
5 0.515114 0.325676 0.113562 0.651351
