19 0.906454 0.856757 0.17402 0.232432
19 0.603758 0.589189 0.0326797 0.0432432
19 0.58701 0.574324 0.0269608 0.0351351
19 0.36969 0.513514 0.0122549 0.0810811
19 0.381944 0.572973 0.0236928 0.00540541
19 0.0927288 0.752703 0.120098 0.0405405
19 0.573938 0.563514 0.0220588 0.0297297
3 0.320261 0.562162 0.0277778 0.0108108
10 0.0923203 0.389189 0.137255 0.778378
1 0.579657 0.502703 0.0400327 0.108108
19 0.31781 0.612162 0.0408497 0.00810811
7 0.24183 0.62027 0.0375817 0.00810811
10 0.382761 0.421622 0.0334967 0.308108
1 0.118056 0.285135 0.0351307 0.0891892
6 0.477533 0.556757 0.00898693 0.0108108
19 0.357843 0.517568 0.0130719 0.0837838
19 0.564951 0.555405 0.0187908 0.0243243
6 0.473039 0.57027 0.0114379 0.0162162
6 0.464869 0.590541 0.0163399 0.0243243
7 0.500408 0.716216 0.211601 0.12973
7 0.394608 0.627027 0.132353 0.0486486
8 0.359069 0.591892 0.105392 0.0378378
7 0.443627 0.57027 0.0653595 0.0162162
7 0.5 0.590541 0.0784314 0.0243243
7 0.3125 0.716216 0.260621 0.12973
6 0.416258 0.714865 0.0661765 0.127027
7 0.45384 0.556757 0.0514706 0.0108108
6 0.45098 0.627027 0.0277778 0.0486486
7 0.426471 0.590541 0.0882353 0.0243243
8 0.390931 0.571622 0.0759804 0.0243243
6 0.203023 0.890541 0.406046 0.218919
7 0.5 0.57027 0.0588235 0.0162162
7 0.5 0.556757 0.0473856 0.0108108
7 0.5 0.627027 0.114379 0.0486486
8 0.571895 0.591892 0.0866013 0.0378378
8 0.603758 0.62973 0.130719 0.0702703
10 0.314542 0.310811 0.0784314 0.621622
2 0.719363 0.589189 0.0171569 0.0756757
2 0.73652 0.594595 0.0204248 0.0810811
8 0.165033 0.722973 0.330065 0.164865
2 0.890931 0.660811 0.0531046 0.143243
2 0.991013 0.72027 0.0179739 0.202703
2 0.756944 0.604054 0.0236928 0.0891892
2 0.781046 0.613514 0.0277778 0.0972973
8 0.300654 0.631081 0.166667 0.0675676
2 0.691176 0.575676 0.0130719 0.0648649
8 0.685049 0.722973 0.257353 0.164865
2 0.845997 0.640541 0.0416667 0.124324
2 0.704248 0.582432 0.0147059 0.0675676
2 0.950163 0.685135 0.0702614 0.17027
2 0.810049 0.625676 0.0334967 0.110811
2 0.600899 0.540541 0.00408497 0.0324324
2 0.594363 0.536486 0.00408497 0.0297297
2 0.651961 0.560811 0.00816993 0.0513514
2 0.611928 0.544595 0.00490196 0.0351351
2 0.621324 0.547297 0.00571895 0.0405405
2 0.597631 0.537838 0.00408497 0.0324324
2 0.604167 0.541892 0.00408497 0.0351351
2 0.632353 0.552703 0.00653595 0.0459459
2 0.660539 0.564865 0.00898693 0.0540541
2 0.608252 0.541892 0.00408497 0.0351351
2 0.645016 0.556757 0.00735294 0.0486486
2 0.61683 0.545946 0.00490196 0.0378378
2 0.679739 0.571622 0.0114379 0.0621622
2 0.669526 0.568919 0.0106209 0.0567568
2 0.638072 0.555405 0.00653595 0.0459459
2 0.626225 0.55 0.00571895 0.0405405
5 0.505719 0.42027 0.0392157 0.262162
5 0.428105 0.381081 0.0588235 0.389189
5 0.514297 0.333784 0.125 0.667568
19 0.525735 0.533784 0.00571895 0.0351351
1 0.140523 0.32973 0.281046 0.610811
19 0.543709 0.554054 0.00898693 0.0594595
