7 0.690768 0.721622 0.0629085 0.027027
2 0.379902 0.566216 0.00653595 0.0621622
1 0.323529 0.487838 0.0473856 0.121622
2 0.392157 0.532432 0.00490196 0.0378378
19 0.0551471 0.521622 0.0351307 0.118919
19 0.117239 0.527027 0.0416667 0.113514
19 0.235294 0.504054 0.0326797 0.148649
19 0.153186 0.504054 0.0302288 0.121622
19 0.392974 0.531081 0.00816993 0.0459459
2 0.395833 0.532432 0.00408497 0.0378378
7 0.135621 0.72027 0.0784314 0.0243243
2 0.395016 0.556757 0.00571895 0.0540541
2 0.388072 0.562162 0.00653595 0.0594595
2 0.401961 0.554054 0.00490196 0.0486486
2 0.420752 0.543243 0.00326797 0.0378378
2 0.407271 0.551351 0.00408497 0.0486486
2 0.412173 0.548649 0.00408497 0.0432432
2 0.416667 0.545946 0.00326797 0.0432432
19 0.587827 0.536486 0.00898693 0.0405405
8 0.268791 0.648649 0.202614 0.0864865
19 0.583333 0.533784 0.00816993 0.0405405
8 0.620507 0.648649 0.156046 0.0864865
19 0.585784 0.533784 0.00816993 0.0405405
7 0.5 0.560811 0.0506536 0.0135135
2 0.586601 0.540541 0.0522876 0.0486486
7 0.5 0.598649 0.0866013 0.0297297
7 0.5 0.644595 0.133987 0.0621622
8 0.382353 0.577027 0.0833333 0.0297297
8 0.579657 0.601351 0.0972222 0.0459459
7 0.499592 0.575676 0.0645425 0.0162162
7 0.377859 0.644595 0.15768 0.0621622
7 0.45098 0.560811 0.0555556 0.0135135
8 0.547794 0.562162 0.0547386 0.0216216
7 0.439134 0.575676 0.0710784 0.0162162
2 0.424428 0.540541 0.00245098 0.0378378
6 0.443219 0.644595 0.0351307 0.0621622
6 0.461601 0.598649 0.0196078 0.0297297
6 0.476307 0.559459 0.00980392 0.0108108
8 0.559641 0.577027 0.0702614 0.0297297
8 0.344363 0.601351 0.120098 0.0459459

7 0.418301 0.598649 0.0980392 0.0297297
6 0.470588 0.574324 0.0130719 0.0189189
19 0.581699 0.532432 0.00816993 0.0378378
12 0.122958 0.555405 0.0563725 0.1
12 0.0739379 0.555405 0.0563725 0.1
12 0.171569 0.555405 0.0555556 0.1
20 0.606618 0.545946 0.00735294 0.0324324
20 0.602533 0.545946 0.00735294 0.0324324
20 0.294526 0.57027 0.0171569 0.0756757
20 0.303513 0.574324 0.0138889 0.0567568
12 0.375817 0.52973 0.0277778 0.0540541
20 0.593954 0.539189 0.00816993 0.0459459
20 0.280637 0.582432 0.0155229 0.0621622
5 0.301879 0.356757 0.164216 0.713514
12 0.22018 0.555405 0.0547386 0.1
12 0.268791 0.555405 0.0539216 0.1
20 0.28799 0.578378 0.0138889 0.0594595
9 0.613971 0.462162 0.0334967 0.108108
18 0.0167484 0.245946 0.0334967 0.324324
5 0.512255 0.391892 0.0522876 0.351351
5 0.613154 0.591892 0.00408497 0.367568
