19 0.294935 0.516216 0.0147059 0.0972973
19 0.821078 0.781081 0.127451 0.167568
1 0.290441 0.394595 0.107026 0.108108
20 0.542892 0.532432 0.00898693 0.0486486
20 0.555556 0.532432 0.00980392 0.0486486
20 0.558824 0.533784 0.00980392 0.0513514
7 0.279003 0.606757 0.0318627 0.00810811
20 0.501225 0.531081 0.00898693 0.0513514
20 0.43219 0.533784 0.00980392 0.0513514
1 0.263889 0.275676 0.124183 0.135135
20 0.453431 0.527027 0.00816993 0.0432432
20 0.484477 0.531081 0.00980392 0.0513514
1 0.263889 0.381081 0.124183 0.124324
20 0.510621 0.52973 0.00816993 0.0432432
20 0.573529 0.533784 0.00980392 0.0513514
20 0.437908 0.528378 0.00816993 0.0459459
20 0.470588 0.531081 0.00980392 0.0513514
10 0.0919118 0.55 0.0972222 0.22973
20 0.427288 0.527027 0.00816993 0.0432432
20 0.484886 0.52973 0.00898693 0.0486486
20 0.524101 0.527027 0.00735294 0.0432432
1 0.290441 0.301351 0.107026 0.116216
7 0.0351307 0.72973 0.0702614 0.027027
20 0.42116 0.540541 0.0122549 0.0594595
20 0.401552 0.533784 0.0106209 0.0513514
20 0.417892 0.532432 0.0106209 0.0486486
20 0.41299 0.533784 0.0106209 0.0513514
20 0.439542 0.539189 0.0114379 0.0567568
20 0.457516 0.540541 0.0114379 0.0594595
20 0.435866 0.541892 0.0122549 0.0621622
19 0.617239 0.509459 0.0857843 0.186486
20 0.484886 0.512162 0.0302288 0.1
2 0.504902 0.567568 0.0261438 0.0594595
7 0.220997 0.75 0.441993 0.191892
20 0.552288 0.513514 0.0392157 0.124324
2 0.234069 0.567568 0.0269608 0.0594595
20 0.531863 0.539189 0.0114379 0.0621622
20 0.569853 0.539189 0.0122549 0.0621622
7 0.310458 0.639189 0.284314 0.0297297
20 0.511846 0.509459 0.0253268 0.0837838
20 0.414216 0.510811 0.0343137 0.102703
7 0.679739 0.75 0.620915 0.191892
2 0.183415 0.567568 0.0269608 0.0594595
7 0.578431 0.639189 0.272876 0.0297297
2 0.398284 0.567568 0.0269608 0.0594595
8 0.229984 0.622973 0.459967 0.0513514
2 0.34518 0.567568 0.0269608 0.0594595
19 0.390931 0.562162 0.0122549 0.0756757
2 0.559232 0.567568 0.0269608 0.0594595
20 0.551471 0.541892 0.0130719 0.0621622
2 0.290441 0.567568 0.0269608 0.0594595
20 0.558007 0.510811 0.0326797 0.0972973
20 0.438725 0.513514 0.0392157 0.118919
19 0.0910948 0.681081 0.139706 0.162162
20 0.439542 0.509459 0.0277778 0.0837838
20 0.548203 0.537838 0.0114379 0.0594595
8 0.693219 0.622973 0.481209 0.0513514
2 0.648693 0.559459 0.00816993 0.0486486
2 0.629493 0.55 0.00571895 0.0405405
2 0.656454 0.560811 0.00898693 0.0513514
2 0.635621 0.552703 0.00653595 0.0459459
2 0.641748 0.555405 0.00735294 0.0459459
2 0.674837 0.568919 0.0114379 0.0567568
2 0.665033 0.564865 0.00980392 0.0540541
15 0.836193 0.658108 0.327614 0.267568
2 0.619281 0.545946 0.00490196 0.0378378
2 0.624592 0.548649 0.00571895 0.0378378
2 0.615196 0.544595 0.00490196 0.0351351
18 0.731209 0.425676 0.0130719 0.0945946
5 0.74183 0.318919 0.0571895 0.637838
18 0.75 0.189189 0.0571895 0.378378
2 0.593137 0.536486 0.00326797 0.0297297
2 0.60335 0.540541 0.00408497 0.0324324
2 0.596405 0.537838 0.00326797 0.0324324
2 0.606618 0.541892 0.00408497 0.0351351
2 0.610703 0.543243 0.00408497 0.0378378
2 0.599673 0.537838 0.00326797 0.0324324
5 0.725082 0.493243 0.00408497 0.245946
