19 0.067402 0.759459 0.0302288 0.210811
3 0.334559 0.733784 0.10049 0.0513514
1 0.816176 0.121622 0.132353 0.243243
6 0.470997 0.574324 0.0122549 0.0189189
2 0.408905 0.55 0.00408497 0.0459459
2 0.417892 0.544595 0.00408497 0.0405405
2 0.421977 0.541892 0.00245098 0.0405405
2 0.425654 0.540541 0.00326797 0.0378378
19 0.292484 0.504054 0.0294118 0.116216
19 0.154003 0.516216 0.0318627 0.0918919
7 0.494281 0.691892 0.0539216 0.027027
6 0.476307 0.559459 0.00980392 0.0108108
2 0.413807 0.547297 0.00408497 0.0459459
6 0.46201 0.598649 0.0187908 0.0297297
7 0.357026 0.663514 0.20098 0.1
20 0.165033 0.566216 0.0718954 0.0621622
7 0.419526 0.598649 0.0972222 0.0297297
7 0.609069 0.627027 0.0318627 0.0108108
7 0.290441 0.627027 0.0367647 0.0108108
19 0.199346 0.521622 0.0359477 0.0864865
7 0.502042 0.663514 0.16585 0.1
1 0.819036 0.547297 0.361928 0.208108
8 0.547794 0.562162 0.0547386 0.0216216
8 0.559232 0.577027 0.0694444 0.0297297
8 0.579248 0.601351 0.0964052 0.0459459
8 0.345588 0.601351 0.117647 0.0459459
1 0.823938 0.445946 0.352124 0.362162
1 0.819036 0.547297 0.361928 0.208108
7 0.499592 0.598649 0.0857843 0.0297297
7 0.5 0.559459 0.0506536 0.0108108
8 0.405637 0.562162 0.0629085 0.0216216
7 0.5 0.574324 0.0637255 0.0189189
1 0.823938 0.445946 0.352124 0.362162
8 0.382761 0.577027 0.0825163 0.0297297
12 0.219771 0.540541 0.0408497 0.0756757

5 0.509804 0.413514 0.0424837 0.286486
12 0.256127 0.540541 0.0400327 0.0756757
20 0.587827 0.537838 0.00571895 0.027027
20 0.348039 0.551351 0.0114379 0.0540541
19 0.773693 0.625676 0.0343137 0.154054
12 0.292075 0.540541 0.0400327 0.0756757
20 0.577614 0.532432 0.00653595 0.0378378
1 0.81781 0.202703 0.364379 0.405405
1 0.81781 0.202703 0.364379 0.405405
20 0.584559 0.537838 0.00571895 0.027027
12 0.328431 0.540541 0.0392157 0.0756757
5 0.383987 0.312162 0.0947712 0.624324
18 0.284314 0.390541 0.0163399 0.137838
20 0.353758 0.555405 0.00980392 0.0405405
5 0.280637 0.489189 0.00571895 0.362162
12 0.183824 0.540541 0.0408497 0.0756757
20 0.582108 0.537838 0.00571895 0.027027
5 0.5625 0.55 0.00245098 0.202703
9 0.562908 0.478378 0.0179739 0.0594595
4 0.305147 0.543243 0.0106209 0.145946
