19 0.568219 0.558108 0.0204248 0.0243243
19 0.560458 0.551351 0.0179739 0.0216216
19 0.954657 0.902703 0.0906863 0.194595
19 0.674837 0.65 0.0588235 0.0783784
19 0.553922 0.545946 0.0163399 0.0216216
6 0.455882 0.614865 0.0245098 0.0405405
1 0.273693 0.35 0.0179739 0.0513514
10 0.254085 0.397297 0.0555556 0.535135
10 0.35866 0.447297 0.0392157 0.3
19 0.359477 0.586486 0.0294118 0.00540541
19 0.25531 0.651351 0.0596405 0.0162162
6 0.474265 0.566216 0.0106209 0.0135135
6 0.42933 0.682432 0.0498366 0.0945946
7 0.0334967 0.724324 0.0669935 0.027027
19 0.652369 0.567568 0.0236928 0.0864865
6 0.46732 0.583784 0.0147059 0.0216216
1 0.158497 0.274324 0.0326797 0.0837838
1 0.158497 0.216216 0.0326797 0.0864865
19 0.366013 0.543243 0.00980392 0.0324324
19 0.761029 0.725676 0.0972222 0.127027
7 0.5 0.566216 0.0555556 0.0135135
8 0.552288 0.567568 0.0604575 0.0216216
8 0.39665 0.567568 0.0710784 0.0216216
8 0.593137 0.617568 0.116013 0.0567568
6 0.302288 0.864865 0.24183 0.27027
7 0.431781 0.583784 0.0808824 0.0216216
7 0.446487 0.566216 0.0612745 0.0135135
7 0.405637 0.614865 0.11683 0.0405405
7 0.455882 0.554054 0.0490196 0.0108108
7 0.5 0.583784 0.0718954 0.0216216
7 0.500408 0.614865 0.102124 0.0405405
7 0.500817 0.682432 0.173203 0.0945946
8 0.368873 0.585135 0.0955882 0.0351351
8 0.566993 0.585135 0.0800654 0.0351351
7 0.344363 0.682432 0.209967 0.0945946
7 0.5 0.554054 0.0457516 0.0108108
8 0.319853 0.617568 0.144608 0.0567568
2 0.683007 0.57027 0.0114379 0.0594595

2 0.707516 0.57973 0.0147059 0.0675676
2 0.694444 0.574324 0.0130719 0.0621622
2 0.739379 0.593243 0.0196078 0.0783784
2 0.663807 0.562162 0.00898693 0.0540541
10 0.393791 0.285135 0.0751634 0.57027
8 0.20915 0.689189 0.277778 0.124324
2 0.758987 0.6 0.0228758 0.0864865
2 0.941585 0.672973 0.0645425 0.156757
2 0.810049 0.62027 0.0318627 0.105405
10 0.363154 0.445946 0.0759804 0.194595
2 0.886846 0.651351 0.0498366 0.135135
2 0.641748 0.554054 0.00735294 0.0432432
2 0.722222 0.585135 0.0163399 0.072973
2 0.985294 0.702703 0.0294118 0.183784
2 0.782271 0.609459 0.0269608 0.0945946
2 0.844363 0.633784 0.0400327 0.116216
2 0.615196 0.543243 0.00490196 0.0378378
2 0.597222 0.536486 0.00326797 0.0297297
2 0.635621 0.551351 0.00653595 0.0432432
2 0.620098 0.545946 0.00490196 0.0378378
5 0.21732 0.405405 0.240196 0.810811
2 0.61152 0.541892 0.00408497 0.0351351
2 0.604167 0.537838 0.00408497 0.0324324
5 0.512663 0.336486 0.0808824 0.543243
2 0.629902 0.55 0.00653595 0.0405405
2 0.624592 0.547297 0.00571895 0.0405405
2 0.607435 0.540541 0.00408497 0.0324324
2 0.60049 0.537838 0.00326797 0.0324324
1 0.201797 0.378378 0.277778 0.443243
19 0.674837 0.72027 0.0457516 0.240541
19 0.531046 0.536486 0.00653595 0.0405405
5 0.442402 0.405405 0.0465686 0.313514
19 0.436275 0.533784 0.00653595 0.0351351
