19 0.937908 0.891892 0.124183 0.216216
19 0.748366 0.714865 0.0915033 0.121622
19 0.281454 0.635135 0.0514706 0.0108108
3 0.352124 0.55 0.0212418 0.00810811
1 0.234886 0.351351 0.0236928 0.0594595
19 0.576389 0.563514 0.0236928 0.0297297
7 0.316176 0.586486 0.0245098 0.00540541
19 0.669118 0.644595 0.0571895 0.072973
19 0.552696 0.544595 0.0155229 0.0189189
10 0.406046 0.436486 0.0261438 0.245946
1 0.0106209 0.216216 0.0212418 0.12973
19 0.566585 0.556757 0.0204248 0.027027
10 0.281863 0.409459 0.0555556 0.467568
1 0.169935 0.235135 0.0294118 0.102703
19 0.558824 0.55 0.0179739 0.0243243
6 0.473039 0.568919 0.0114379 0.0135135
7 0.45384 0.556757 0.0514706 0.0108108
6 0.477533 0.556757 0.00898693 0.0108108
7 0.427288 0.590541 0.0866013 0.0243243
7 0.316585 0.710811 0.254085 0.124324
7 0.396242 0.625676 0.130719 0.0459459
6 0.451797 0.625676 0.0277778 0.0459459
6 0.417892 0.710811 0.0629085 0.124324
7 0.443627 0.57027 0.0653595 0.0162162
6 0.465278 0.589189 0.0171569 0.027027
7 0.5 0.556757 0.0473856 0.0108108
19 0.368464 0.581081 0.0277778 0.00540541
6 0.20384 0.886486 0.40768 0.227027
2 0.744281 0.598649 0.0212418 0.0837838
2 0.791667 0.618919 0.0294118 0.102703
7 0.5 0.57027 0.0588235 0.0162162
8 0.602124 0.628378 0.129085 0.0675676
2 0.969363 0.697297 0.0612745 0.178378
10 0.366013 0.343243 0.0522876 0.486486
2 0.765931 0.608108 0.0253268 0.0918919
7 0.5 0.625676 0.112745 0.0459459
7 0.5 0.590541 0.0767974 0.0243243
8 0.302696 0.628378 0.164216 0.0675676
8 0.359886 0.591892 0.103758 0.0378378
8 0.680964 0.717568 0.250817 0.159459
7 0.500408 0.710811 0.206699 0.124324
8 0.554739 0.57027 0.0637255 0.027027
2 0.823121 0.631081 0.0367647 0.116216
8 0.39134 0.57027 0.0751634 0.027027
2 0.862745 0.648649 0.0457516 0.12973
8 0.571487 0.591892 0.0857843 0.0378378
2 0.912582 0.668919 0.0588235 0.154054
8 0.166258 0.717568 0.332516 0.159459
2 0.663807 0.564865 0.00898693 0.0540541
2 0.72549 0.590541 0.0179739 0.0783784
2 0.618464 0.547297 0.00490196 0.0405405
2 0.605801 0.541892 0.00408497 0.0351351
2 0.609477 0.543243 0.00490196 0.0378378
2 0.633987 0.554054 0.00653595 0.0432432
2 0.696078 0.578378 0.0130719 0.0648649
2 0.640931 0.555405 0.00735294 0.0459459
2 0.684232 0.574324 0.0122549 0.0621622
2 0.613562 0.545946 0.00490196 0.0378378
2 0.647876 0.559459 0.00816993 0.0486486
2 0.655229 0.562162 0.00816993 0.0540541
2 0.628676 0.551351 0.00571895 0.0432432
2 0.709559 0.585135 0.0155229 0.072973
2 0.673203 0.57027 0.0114379 0.0594595
2 0.602124 0.540541 0.00326797 0.0324324
2 0.622958 0.55 0.00571895 0.0405405
2 0.59232 0.536486 0.00326797 0.0297297
2 0.598856 0.537838 0.00326797 0.0324324
5 0.508987 0.336486 0.0800654 0.537838
19 0.683824 0.732432 0.0490196 0.254054
5 0.236111 0.394595 0.223856 0.789189
5 0.442402 0.405405 0.0465686 0.308108
2 0.595588 0.537838 0.00326797 0.0324324
19 0.533905 0.541892 0.00735294 0.0459459
1 0.128676 0.331081 0.257353 0.662162
1 0.194444 0.382432 0.267974 0.418919
