19 0.789624 0.751351 0.111928 0.145946
10 0.245507 0.359459 0.0808824 0.616216
19 0.636438 0.617568 0.0441176 0.0567568
19 0.686683 0.660811 0.0645425 0.0837838
19 0.60866 0.593243 0.0343137 0.0459459
10 0.332516 0.518919 0.0294118 0.0918919
7 0.363971 0.564865 0.0171569 0.00540541
7 0.297794 0.597297 0.0285948 0.00540541
15 0.75531 0.562162 0.293301 0.0918919

7 0.354575 0.6 0.227124 0.0378378
15 0.732843 0.781081 0.25 0.437838
7 0.343954 0.672973 0.222222 0.113514
7 0.500817 0.672973 0.178105 0.113514
19 0.332925 0.572973 0.0416667 0.0594595
7 0.561275 0.6 0.212418 0.0378378
20 0.536356 0.509459 0.0269608 0.0837838
20 0.54902 0.527027 0.00816993 0.0432432
7 0.20915 0.587838 0.223856 0.0135135
19 0.430964 0.537838 0.00735294 0.0486486
2 0.330882 0.543243 0.0163399 0.0378378
19 0.247958 0.656757 0.0612745 0.0162162
2 0.502859 0.543243 0.0171569 0.0378378
8 0.331291 0.574324 0.286765 0.0243243
19 0.572712 0.506757 0.0522876 0.116216
7 0.245507 0.577027 0.191993 0.00810811
7 0.39665 0.577027 0.151144 0.00810811
6 0.0866013 0.582432 0.132353 0.0027027
2 0.537173 0.543243 0.0171569 0.0378378
2 0.298611 0.543243 0.0171569 0.0378378
20 0.455065 0.52973 0.00816993 0.0432432
2 0.435049 0.543243 0.0171569 0.0378378
2 0.367239 0.543243 0.0171569 0.0378378
20 0.535131 0.528378 0.00816993 0.0459459
2 0.401552 0.543243 0.0171569 0.0378378
6 0.305147 0.863514 0.236111 0.272973
20 0.522059 0.527027 0.00816993 0.0432432
2 0.607435 0.541892 0.00408497 0.0351351
19 0.587827 0.610811 0.0204248 0.118919
2 0.604167 0.540541 0.00408497 0.0324324
5 0.234477 0.493243 0.00326797 0.191892
2 0.825163 0.633784 0.0375817 0.116216
18 0.229984 0.441892 0.0106209 0.072973
2 0.864788 0.65 0.0465686 0.132432
2 0.792892 0.62027 0.0302288 0.105405
2 0.593954 0.536486 0.00326797 0.0297297
2 0.726307 0.593243 0.0179739 0.0783784
2 0.971405 0.702703 0.0571895 0.183784
2 0.60049 0.537838 0.00326797 0.0324324
5 0.256944 0.360811 0.0383987 0.462162
2 0.61152 0.543243 0.00408497 0.0378378
5 0.375817 0.32027 0.0898693 0.597297
5 0.163399 0.385135 0.0424837 0.381081
2 0.597222 0.537838 0.00326797 0.0324324
2 0.766748 0.609459 0.0253268 0.0945946
5 0.638072 0.383784 0.0212418 0.383784
2 0.696487 0.57973 0.0138889 0.0675676
2 0.91585 0.671622 0.0604575 0.154054
18 0.560049 0.416216 0.0106209 0.102703
2 0.745098 0.6 0.0212418 0.0864865
2 0.710376 0.585135 0.0155229 0.072973
18 0.637255 0.454054 0.00653595 0.0540541
5 0.559641 0.493243 0.00326797 0.267568
5 0.633578 0.494595 0.00245098 0.145946
