1 0.839461 0.328378 0.0204248 0.0513514
1 0.977124 0.352703 0.0277778 0.072973
3 0.66299 0.568919 0.0334967 0.0135135
19 0.699755 0.509459 0.0236928 0.175676
20 0.647467 0.527027 0.0269608 0.0756757
19 0.893791 0.616216 0.0539216 0.0108108
19 0.692402 0.467568 0.0580065 0.313514
20 0.654003 0.551351 0.00735294 0.0324324
20 0.658497 0.55 0.00653595 0.0297297
6 0.473448 0.567568 0.0106209 0.0162162
8 0.552288 0.568919 0.0604575 0.0243243
8 0.395833 0.568919 0.0710784 0.0243243
7 0.499592 0.568919 0.0563725 0.0135135
7 0.588644 0.640541 0.309641 0.0648649
7 0.500408 0.591892 0.0825163 0.0324324
7 0.424428 0.591892 0.0939542 0.0324324
7 0.21732 0.809459 0.434641 0.272973
7 0.455474 0.556757 0.0498366 0.0108108
7 0.381536 0.640541 0.155229 0.0648649
7 0.662582 0.816216 0.674837 0.286486
7 0.44567 0.568919 0.0612745 0.0135135
12 0.370098 0.55 0.0114379 0.0351351
12 0.241422 0.598649 0.0383987 0.0783784
12 0.311683 0.572973 0.0220588 0.0540541
12 0.384804 0.543243 0.00980392 0.0324324
8 0.750408 0.612162 0.446895 0.0837838
12 0.327206 0.564865 0.0187908 0.0486486
12 0.377859 0.545946 0.0106209 0.0324324
12 0.292484 0.578378 0.0261438 0.0594595
5 0.509804 0.374324 0.0620915 0.418919
5 0.24183 0.387838 0.212418 0.775676
12 0.340686 0.560811 0.0163399 0.0459459
12 0.0265523 0.702703 0.0531046 0.178378
12 0.396242 0.539189 0.00816993 0.0297297
12 0.390931 0.541892 0.00898693 0.0297297
12 0.361928 0.552703 0.0130719 0.0405405
12 0.155637 0.632432 0.0661765 0.108108
12 0.0870098 0.659459 0.0923203 0.135135
12 0.270016 0.587838 0.0318627 0.0675676
12 0.204657 0.613514 0.0498366 0.0918919
8 0.29616 0.637838 0.239379 0.135135
1 0.665441 0.424324 0.154412 0.281081
8 0.772467 0.614865 0.357026 0.0675676
12 0.352124 0.556757 0.0147059 0.0432432
18 0.786765 0.42027 0.0147059 0.1
5 0.780637 0.493243 0.00408497 0.262162
5 0.386029 0.494595 0.00245098 0.194595
18 0.386846 0.441892 0.00735294 0.072973
