19 0.651552 0.554054 0.0155229 0.0216216
2 0.620915 0.552703 0.0196078 0.0351351
6 0.346405 0.845946 0.142157 0.275676
2 0.734477 0.552703 0.0196078 0.0351351
19 0.703431 0.554054 0.0163399 0.0216216
2 0.715686 0.552703 0.0196078 0.0351351
2 0.658497 0.552703 0.0196078 0.0351351
15 0.433007 0.590541 0.429739 0.116216
8 0.243056 0.675676 0.221405 0.102703
8 0.609069 0.675676 0.156046 0.102703
7 0.486928 0.614865 0.0898693 0.0351351
8 0.765523 0.589189 0.447712 0.0486486
8 0.32884 0.617568 0.126634 0.0513514
2 0.753268 0.552703 0.0196078 0.0351351
6 0.424837 0.67027 0.0441176 0.0756757
15 0.455474 0.560811 0.283497 0.072973
7 0.405229 0.614865 0.104575 0.0351351
2 0.696895 0.552703 0.0196078 0.0351351
7 0.454248 0.845946 0.323529 0.275676
8 0.740196 0.848649 0.383987 0.302703

8 0.571078 0.617568 0.0964052 0.0513514
7 0.355801 0.67027 0.172386 0.0756757
15 0.402369 0.678378 0.804739 0.259459
5 0.500408 0.35 0.0808824 0.543243
2 0.848448 0.552703 0.0204248 0.0351351
18 0.525735 0.466216 0.00408497 0.0513514
12 0.388072 0.545946 0.00816993 0.027027
12 0.375817 0.551351 0.00980392 0.0324324
2 0.867647 0.552703 0.0196078 0.0351351
2 0.829248 0.552703 0.0196078 0.0351351
5 0.439951 0.421622 0.0416667 0.281081
12 0.368464 0.555405 0.0114379 0.0351351
12 0.382353 0.548649 0.00980392 0.0324324
2 0.810458 0.552703 0.0196078 0.0351351
11 0.432598 0.55 0.0318627 0.0621622
5 0.525735 0.504054 0.000816993 0.137838
