19 0.662173 0.640541 0.0547386 0.0702703
19 0.340686 0.517568 0.0147059 0.1
19 0.322304 0.521622 0.0171569 0.108108

1 0.597631 0.502703 0.0514706 0.135135
19 0.599673 0.585135 0.0310458 0.0405405
10 0.343546 0.393243 0.0482026 0.413514
1 0.582108 0.497297 0.0383987 0.12973
3 0.270833 0.57973 0.0383987 0.0135135
7 0.0669935 0.702703 0.0784314 0.0216216
19 0.583742 0.57027 0.0253268 0.0324324
19 0.419935 0.539189 0.0228758 0.0351351
19 0.242239 0.540541 0.0187908 0.0540541
7 0.308007 0.718919 0.267974 0.135135
6 0.450572 0.627027 0.0285948 0.0486486
19 0.343546 0.595946 0.0334967 0.00810811
7 0.453431 0.556757 0.0522876 0.0108108
6 0.464869 0.590541 0.0163399 0.0243243
6 0.472222 0.57027 0.0114379 0.0162162
7 0.499592 0.556757 0.0482026 0.0108108
6 0.477533 0.556757 0.00898693 0.0108108
7 0.393382 0.627027 0.134804 0.0486486
6 0.201797 0.893243 0.403595 0.213514
7 0.425654 0.590541 0.0882353 0.0243243
6 0.414624 0.718919 0.0678105 0.135135
7 0.499592 0.57027 0.0596405 0.0162162
2 0.871324 0.651351 0.0482026 0.135135
5 0.199346 0.571622 0.00490196 0.0405405
5 0.297386 0.547297 0.00326797 0.0297297
2 0.924428 0.675676 0.0629085 0.156757
8 0.689134 0.728378 0.265523 0.17027
5 0.272876 0.552703 0.00326797 0.0297297
2 0.976307 0.705405 0.0473856 0.189189
8 0.357843 0.593243 0.106209 0.0405405
8 0.555964 0.572973 0.0645425 0.027027
7 0.5 0.627027 0.116013 0.0486486
7 0.500408 0.718919 0.216503 0.135135
2 0.770425 0.609459 0.0261438 0.0945946
5 0.241013 0.560811 0.00326797 0.0351351
8 0.297794 0.632432 0.169118 0.0702703
8 0.389706 0.572973 0.0767974 0.027027
2 0.830474 0.635135 0.0383987 0.118919
10 0.19567 0.351351 0.14951 0.702703
2 0.797386 0.62027 0.0310458 0.105405
8 0.163807 0.728378 0.327614 0.17027
2 0.747958 0.6 0.0220588 0.0864865
2 0.641748 0.556757 0.00735294 0.0486486
2 0.686275 0.574324 0.0130719 0.0621622
2 0.635621 0.554054 0.00653595 0.0432432
2 0.629493 0.551351 0.00571895 0.0432432
2 0.675245 0.57027 0.0106209 0.0594595
2 0.624592 0.55 0.00571895 0.0405405
2 0.648693 0.559459 0.00816993 0.0486486
2 0.729167 0.593243 0.0187908 0.0783784
2 0.66585 0.566216 0.00980392 0.0567568
2 0.619281 0.547297 0.00490196 0.0405405
2 0.698529 0.57973 0.0147059 0.0675676
2 0.712827 0.585135 0.0155229 0.072973
2 0.657271 0.563514 0.00898693 0.0513514
20 0.148693 0.572973 0.0228758 0.0810811
5 0.402778 0.340541 0.0800654 0.52973
19 0.531046 0.540541 0.00653595 0.0432432
19 0.560458 0.575676 0.0130719 0.0810811
5 0.533088 0.439189 0.283497 0.878378
5 0.507353 0.404054 0.0473856 0.316216
