6 0.765523 0.593243 0.0196078 0.0189189
8 0.663807 0.585135 0.0906863 0.0351351
7 0.801879 0.628378 0.121732 0.05135146 0.72018 0.668919 0.0531046 0.0675676
7 0.701389 0.614865 0.118464 0.0405405
7 0.653186 0.662162 0.175654 0.0810811
6 0.75 0.62027 0.0294118 0.0351351
7 0.727533 0.590541 0.0890523 0.0243243
7 0.805556 0.598649 0.0898693 0.0297297
8 0.898693 0.612162 0.112745 0.0513514
2 0.677696 0.543243 0.00571895 0.0324324
8 0.924837 0.651351 0.150327 0.0864865
2 0.0396242 0.609459 0.0204248 0.105405
15 0.78799 0.586486 0.42402 0.135135
2 0.925245 0.559459 0.0596405 0.0486486
15 0.789624 0.562162 0.311275 0.0918919
19 0.065768 0.531081 0.131536 0.921622
2 0.132761 0.648649 0.0318627 0.135135
2 0.104984 0.636486 0.0285948 0.127027
2 0.0588235 0.617568 0.0228758 0.110811
2 0.165033 0.662162 0.0375817 0.145946
8 0.622958 0.606757 0.121732 0.0513514
8 0.553513 0.643243 0.178922 0.0864865
5 0.332925 0.478378 0.0106209 0.621622
18 0.84518 0.464865 0.00408497 0.0540541
5 0.408088 0.447297 0.209967 0.894595
5 0.84518 0.504054 0.00245098 0.137838
18 0.34518 0.308108 0.0318627 0.237838
5 0.824755 0.348649 0.0923203 0.52973
2 0.0220588 0.602703 0.0179739 0.0972973
2 0.00776144 0.597297 0.0155229 0.0918919
