19 0.875817 0.828378 0.156863 0.208108

19 0.571487 0.559459 0.0220588 0.027027
19 0.715686 0.685135 0.0767974 0.1
20 0.286356 0.548649 0.0171569 0.0702703
20 0.335784 0.540541 0.0147059 0.0594595
20 0.18219 0.566216 0.0212418 0.0945946
20 0.209559 0.560811 0.0204248 0.0891892
19 0.550654 0.541892 0.0147059 0.0189189
20 0.300245 0.544595 0.0155229 0.0675676
20 0.314134 0.540541 0.0138889 0.0594595
19 0.903186 0.575676 0.0351307 0.0324324
10 0.261846 0.4 0.0710784 0.518919
19 0.809232 0.575676 0.0334967 0.0324324
20 0.325163 0.543243 0.0147059 0.0648649
19 0.751634 0.575676 0.0326797 0.0324324
10 0.398693 0.459459 0.0228758 0.210811
19 0.555556 0.547297 0.0163399 0.0189189
19 0.562908 0.552703 0.0179739 0.0243243
20 0.240196 0.560811 0.0196078 0.0891892
19 0.960784 0.575676 0.0375817 0.0324324
20 0.226716 0.554054 0.0187908 0.0810811
20 0.216095 0.566216 0.0220588 0.0945946
1 0.352941 0.416216 0.00980392 0.0324324
20 0.301471 0.541892 0.0147059 0.0621622
20 0.397059 0.540541 0.0147059 0.0594595
20 0.338235 0.556757 0.0196078 0.0810811
20 0.372141 0.544595 0.0155229 0.0675676
20 0.387663 0.548649 0.0171569 0.0702703
20 0.361111 0.547297 0.0163399 0.0675676
20 0.322304 0.559459 0.0204248 0.0864865
20 0.395833 0.544595 0.0155229 0.0675676
20 0.355392 0.560811 0.0212418 0.0891892
20 0.371324 0.539189 0.0138889 0.0567568
20 0.367647 0.556757 0.0196078 0.0810811
20 0.402778 0.537838 0.0130719 0.0540541
20 0.379085 0.514865 0.0539216 0.137838
20 0.250817 0.517568 0.0604575 0.159459
19 0.262255 0.647297 0.0571895 0.0135135
19 0.171569 0.608108 0.0326797 0.0810811
6 0.473448 0.567568 0.0106209 0.0162162
20 0.387255 0.512162 0.0457516 0.116216
19 0.346405 0.583784 0.0114379 0.0702703
20 0.319036 0.513514 0.0482026 0.124324
20 0.281046 0.514865 0.0522876 0.137838
20 0.212418 0.521622 0.0702614 0.189189
20 0.345588 0.518919 0.0669935 0.172973
20 0.382353 0.537838 0.0130719 0.0540541
8 0.364379 0.589189 0.0996732 0.0378378
8 0.311683 0.622973 0.154412 0.0621622
8 0.553922 0.568919 0.0620915 0.0243243
7 0.499592 0.555405 0.0465686 0.00810811
7 0.5 0.586486 0.0751634 0.0216216
7 0.400735 0.618919 0.123366 0.0432432
7 0.5 0.567568 0.0571895 0.0162162
6 0.424428 0.694595 0.0563725 0.108108
7 0.332108 0.694595 0.229575 0.108108
7 0.444853 0.567568 0.0629085 0.0162162
7 0.429739 0.586486 0.0833333 0.0216216
7 0.500408 0.694595 0.188725 0.108108
7 0.500408 0.618919 0.107026 0.0432432
6 0.466095 0.586486 0.0155229 0.0216216
6 0.45384 0.618919 0.0253268 0.0432432
8 0.569036 0.589189 0.0825163 0.0378378
7 0.455065 0.555405 0.0506536 0.00810811
6 0.239788 0.874324 0.352124 0.251351
5 0.941585 0.456757 0.0302288 0.27027
8 0.66585 0.702703 0.227124 0.140541
5 0.708333 0.456757 0.0196078 0.27027
15 0.890523 0.572973 0.20915 0.0864865
15 0.804739 0.572973 0.181373 0.0864865
15 0.92933 0.572973 0.14134 0.0864865
8 0.186683 0.702703 0.308007 0.140541
10 0.153595 0.331081 0.248366 0.527027
1 0.148693 0.297297 0.292484 0.27027
8 0.597631 0.622973 0.121732 0.0621622
10 0.147876 0.341892 0.25 0.527027
1 0.148693 0.297297 0.292484 0.27027
15 0.719363 0.572973 0.154412 0.0864865
2 0.61683 0.545946 0.00490196 0.0378378
2 0.591503 0.536486 0.00326797 0.0297297
2 0.604167 0.541892 0.00408497 0.0351351
2 0.901144 0.656757 0.0539216 0.140541
2 0.600899 0.540541 0.00408497 0.0324324
2 0.608252 0.541892 0.00408497 0.0351351
2 0.960376 0.681081 0.0710784 0.162162
2 0.626225 0.55 0.00571895 0.0405405
2 0.995915 0.714865 0.00816993 0.197297
2 0.621324 0.547297 0.00571895 0.0405405
2 0.594363 0.536486 0.00408497 0.0297297
2 0.638072 0.555405 0.00653595 0.0459459
2 0.611928 0.544595 0.00490196 0.0351351
2 0.597631 0.537838 0.00408497 0.0324324
2 0.632353 0.551351 0.00653595 0.0432432
19 0.642565 0.678378 0.0351307 0.194595
19 0.532271 0.539189 0.00735294 0.0405405
5 0.509804 0.347297 0.0751634 0.505405
5 0.444853 0.409459 0.0449346 0.3
2 0.711193 0.581081 0.0155229 0.0702703
19 0.276961 0.624324 0.0277778 0.135135
2 0.74469 0.594595 0.0204248 0.0810811
2 0.765114 0.602703 0.0236928 0.0864865
5 0.167892 0.432432 0.285131 0.864865
2 0.726716 0.587838 0.0171569 0.072973
2 0.819444 0.624324 0.0343137 0.108108
2 0.855392 0.639189 0.0424837 0.121622
19 0.851307 0.559459 0.0163399 0.0648649
2 0.789624 0.613514 0.0285948 0.0972973
