19 0.395016 0.560811 0.00898693 0.0513514
19 0.408088 0.552703 0.00735294 0.0459459
19 0.412173 0.551351 0.00735294 0.0432432
19 0.39951 0.559459 0.00816993 0.0486486
19 0.404412 0.555405 0.00816993 0.0459459
19 0.41585 0.55 0.00653595 0.0405405
3 0.454248 0.563514 0.0228758 0.00810811
19 0.172386 0.540541 0.0212418 0.0486486
19 0.0923203 0.55 0.0294118 0.0621622
3 0.301062 0.574324 0.0400327 0.0135135
3 0.344771 0.562162 0.0310458 0.0108108
10 0.0935458 0.294595 0.187092 0.589189
3 0.261846 0.572973 0.0383987 0.0108108
10 0.16299 0.322973 0.160948 0.494595
19 0.938725 0.581081 0.0947712 0.0108108
19 0.417484 0.547297 0.00326797 0.0405405
8 0.346814 0.578378 0.0416667 0.0324324
6 0.827614 0.577027 0.122549 0.0027027
7 0.213235 0.836486 0.426471 0.283784
7 0.368056 0.651351 0.180556 0.0864865
7 0.812908 0.572973 0.147059 0.0108108
7 0.499592 0.835135 0.35866 0.281081
7 0.443219 0.568919 0.0661765 0.0189189
7 0.455065 0.554054 0.0506536 0.0108108
6 0.942402 0.577027 0.115196 0.0027027
19 0.316585 0.55 0.0220588 0.0621622
19 0.352941 0.540541 0.0163399 0.0486486
7 0.501225 0.651351 0.152778 0.0864865
7 0.499592 0.554054 0.0465686 0.0108108
7 0.922794 0.572973 0.154412 0.0108108
7 0.539624 0.568919 0.139706 0.0189189
7 0.423203 0.593243 0.0931373 0.0297297
6 0.367647 0.835135 0.132353 0.281081
7 0.555147 0.593243 0.195261 0.0297297
8 0.765931 0.65 0.468137 0.137838
8 0.901552 0.595946 0.196895 0.0297297
2 0.660131 0.581081 0.0964052 0.0810811
8 0.272059 0.651351 0.277778 0.156757
2 0.791667 0.567568 0.0294118 0.0540541
8 0.181373 0.572973 0.362745 0.027027
19 0.718546 0.505405 0.0531046 0.102703
2 0.849265 0.567568 0.0302288 0.0540541
2 0.820261 0.567568 0.0294118 0.0540541
15 0.405229 0.641892 0.810458 0.224324
2 0.734069 0.567568 0.0302288 0.0540541
2 0.906454 0.567568 0.0302288 0.0540541
5 0.0763889 0.462162 0.0236928 0.2
19 0.673203 0.505405 0.0506536 0.102703
5 0.203431 0.454054 0.0277778 0.248649
8 0.292075 0.55 0.0841503 0.0243243
2 0.877859 0.567568 0.0302288 0.0540541
2 0.935458 0.567568 0.0294118 0.0540541
2 0.964052 0.567568 0.0294118 0.0540541
2 0.988971 0.567568 0.0220588 0.0540541
2 0.264706 0.585135 0.0228758 0.072973
10 0.897467 0.567568 0.00408497 0.027027
2 0.0110294 0.567568 0.0220588 0.0540541
2 0.676471 0.567568 0.0294118 0.0540541
2 0.236928 0.567568 0.0294118 0.0540541
12 0.660539 0.522973 0.0285948 0.0513514
10 0.899101 0.568919 0.00408497 0.0297297
2 0.0935458 0.567568 0.0302288 0.0540541
2 0.300654 0.571622 0.0163399 0.0621622
2 0.179739 0.567568 0.0294118 0.0540541
2 0.294118 0.567568 0.0294118 0.0540541
2 0.284314 0.577027 0.0196078 0.0675676
2 0.064951 0.567568 0.0302288 0.0540541
2 0.150735 0.567568 0.0302288 0.0540541
2 0.265523 0.567568 0.0294118 0.0540541
2 0.122141 0.567568 0.0302288 0.0540541
2 0.705474 0.567568 0.0302288 0.0540541
2 0.0359477 0.567568 0.0294118 0.0540541
10 0.928105 0.567568 0.00490196 0.027027
10 0.935866 0.567568 0.00408497 0.027027
10 0.926062 0.567568 0.00408497 0.027027
10 0.911356 0.567568 0.00408497 0.027027
10 0.909722 0.567568 0.00408497 0.027027
10 0.920343 0.568919 0.00571895 0.0297297
10 0.926879 0.567568 0.00408497 0.027027
10 0.922794 0.568919 0.00408497 0.0297297
10 0.903595 0.567568 0.00490196 0.027027
10 0.935049 0.567568 0.00571895 0.027027
10 0.936275 0.568919 0.00490196 0.0297297
10 0.923203 0.568919 0.00653595 0.0297297
10 0.925654 0.567568 0.00490196 0.027027
10 0.919526 0.567568 0.00408497 0.027027
10 0.921569 0.567568 0.00653595 0.027027
10 0.906454 0.567568 0.00408497 0.027027
10 0.950163 0.567568 0.00490196 0.027027
10 0.943627 0.567568 0.00490196 0.027027
10 0.945261 0.568919 0.00490196 0.0297297
10 0.94281 0.567568 0.00653595 0.027027
10 0.936683 0.568919 0.00571895 0.0297297
10 0.946078 0.567568 0.00490196 0.027027
10 0.943219 0.568919 0.00571895 0.0297297
10 0.943219 0.567568 0.00571895 0.027027
10 0.939542 0.567568 0.00490196 0.027027
10 0.944036 0.567568 0.00408497 0.027027
19 0.185866 0.554054 0.0138889 0.0594595
10 0.96732 0.568919 0.00653595 0.0297297
10 0.97018 0.567568 0.00408497 0.027027
5 0.637663 0.37027 0.0236928 0.427027
10 0.965686 0.567568 0.00490196 0.027027
10 0.970997 0.567568 0.00408497 0.027027
10 0.957516 0.568919 0.00490196 0.0297297
10 0.959559 0.567568 0.00408497 0.027027
10 0.962827 0.567568 0.00408497 0.027027
10 0.972222 0.567568 0.00490196 0.027027
5 0.854575 0.389189 0.0424837 0.362162
10 0.968137 0.567568 0.00490196 0.027027
10 0.957108 0.567568 0.00408497 0.027027
10 0.957108 0.567568 0.00408497 0.027027
10 0.964461 0.567568 0.00408497 0.027027
10 0.970997 0.568919 0.00571895 0.0297297
10 0.949755 0.568919 0.00571895 0.0297297
5 0.631944 0.495946 0.00245098 0.137838
5 0.428922 0.495946 0.00163399 0.116216
19 0.573121 0.533784 0.00735294 0.0405405
5 0.554739 0.491892 0.00326797 0.248649
18 0.635212 0.456757 0.00571895 0.0540541
18 0.555556 0.421622 0.00816993 0.0972973
18 0.42933 0.463514 0.00408497 0.0459459
