19 0.933007 0.887838 0.133987 0.224324
19 0.36152 0.583784 0.0285948 0.00540541
19 0.402369 0.559459 0.0187908 0.00540541
6 0.456699 0.610811 0.0228758 0.0378378
19 0.667075 0.644595 0.0563725 0.072973
19 0.556781 0.548649 0.0171569 0.0216216
19 0.206291 0.682432 0.0759804 0.0189189
19 0.572712 0.562162 0.0212418 0.027027
19 0.744281 0.712162 0.0898693 0.116216
10 0.362745 0.37027 0.0490196 0.437838
7 0.433007 0.582432 0.0784314 0.0189189
6 0.468137 0.582432 0.0147059 0.0189189
10 0.402778 0.447297 0.0245098 0.22973
7 0.273693 0.605405 0.0326797 0.00540541
19 0.551062 0.541892 0.0155229 0.0189189
19 0.564134 0.552703 0.0187908 0.0243243
6 0.328023 0.858108 0.196895 0.283784
7 0.352124 0.672973 0.197712 0.0864865
7 0.5 0.582432 0.0702614 0.0189189
78
2 0.933824 0.67973 0.0653595 0.159459

2 0.878676 0.655405 0.0498366 0.137838
8 0.324755 0.614865 0.139706 0.0567568
2 0.835784 0.637838 0.0392157 0.118919
8 0.590278 0.614865 0.111928 0.0567568
7 0.5 0.610811 0.0980392 0.0378378
7 0.500408 0.674324 0.164216 0.0891892
8 0.371732 0.583784 0.0931373 0.0324324
2 0.981618 0.710811 0.0367647 0.194595
2 0.774101 0.612162 0.0269608 0.0945946
2 0.714869 0.587838 0.0163399 0.072973
2 0.731618 0.594595 0.0187908 0.0810811
2 0.676879 0.57027 0.0106209 0.0594595
2 0.751225 0.602703 0.0220588 0.0864865
2 0.801879 0.624324 0.0318627 0.108108
8 0.222631 0.67973 0.260621 0.116216
10 0.189542 0.359459 0.267974 0.718919
2 0.700572 0.581081 0.0138889 0.0702703
8 0.565768 0.583784 0.0776144 0.0324324
2 0.630719 0.551351 0.00653595 0.0432432
2 0.620098 0.547297 0.00490196 0.0405405
2 0.625 0.55 0.00653595 0.0405405
2 0.658088 0.563514 0.00898693 0.0513514
2 0.667075 0.567568 0.0106209 0.0540541
2 0.650327 0.560811 0.00816993 0.0513514
2 0.642974 0.556757 0.00816993 0.0486486
2 0.636438 0.555405 0.00653595 0.0459459
19 0.53268 0.540541 0.00653595 0.043243215 0.526144 0.495946 0.00163399 0.116216
2 0.593954 0.536486 0.00326797 0.0297297
2 0.596405 0.537838 0.00326797 0.0324324
2 0.611111 0.544595 0.00490196 0.0351351
2 0.600082 0.540541 0.00408497 0.0324324
2 0.607026 0.541892 0.00490196 0.0351351
5 0.509804 0.368919 0.0653595 0.435135
18 0.526552 0.463514 0.00408497 0.0459459
2 0.615196 0.545946 0.00490196 0.0378378
2 0.60335 0.540541 0.00408497 0.0324324
5 0.44281 0.417568 0.0408497 0.272973
1 0.199755 0.390541 0.250817 0.397297
