10 0.393382 0.535135 0.00735294 0.0216216
10 0.395016 0.533784 0.00735294 0.0243243
10 0.385621 0.536486 0.00816993 0.0243243
10 0.384804 0.536486 0.00816993 0.0243243
10 0.395833 0.532432 0.00735294 0.0216216
10 0.387255 0.536486 0.00816993 0.0243243
10 0.388072 0.536486 0.00816993 0.0243243
20 0.731209 0.556757 0.0866013 0.189189
19 0.387663 0.547297 0.00735294 0.0189189
20 0.804739 0.671622 0.0473856 0.0243243
20 0.770016 0.678378 0.0138889 0.0108108
2 0.160131 0.612162 0.0392157 0.127027
20 0.77165 0.675676 0.0187908 0.0108108
20 0.801879 0.677027 0.0482026 0.0243243
2 0.3125 0.560811 0.0122549 0.0675676
10 0.392157 0.535135 0.00816993 0.0216216
10 0.264297 0.544595 0.0482026 0.072973
19 0.0996732 0.621622 0.0359477 0.172973
20 0.713235 0.552703 0.0490196 0.159459
19 0.392565 0.544595 0.00735294 0.0189189
20 0.691176 0.547297 0.0424837 0.143243

2 0.323121 0.556757 0.0106209 0.0648649
19 0.39951 0.541892 0.00653595 0.0189189
7 0.321078 0.606757 0.0294118 0.00810811
10 0.339461 0.531081 0.0351307 0.0513514
7 0.593137 0.606757 0.0261438 0.00810811
2 0.11683 0.627027 0.0490196 0.145946
2 0.194444 0.6 0.0310458 0.113514
19 0.762663 0.656757 0.0220588 0.0378378
10 0.25 0.547297 0.0539216 0.0783784
7 0.473856 0.575676 0.0212418 0.00540541
19 0.395425 0.544595 0.00653595 0.0189189
19 0.385212 0.548649 0.00735294 0.0216216
2 0.187908 0.67973 0.0441176 0.175676
19 0.264297 0.582432 0.0253268 0.0675676
19 0.252042 0.586486 0.0269608 0.0702703
2 0.23652 0.651351 0.0318627 0.145946
19 0.336601 0.556757 0.0163399 0.0486486
2 0.300245 0.564865 0.0138889 0.0702703
7 0.425654 0.590541 0.0898693 0.0297297
7 0.22549 0.804054 0.410131 0.240541
8 0.770833 0.817568 0.404412 0.289189
7 0.539216 0.567568 0.137255 0.0162162
6 0.381127 0.802703 0.113562 0.237838
7 0.501634 0.645946 0.145425 0.0810811
7 0.500408 0.804054 0.319444 0.240541
8 0.146242 0.817568 0.292484 0.289189
2 0.0298203 0.789189 0.0596405 0.302703
7 0.55433 0.590541 0.188725 0.0297297
7 0.444853 0.567568 0.0645425 0.0162162
7 0.456699 0.552703 0.0506536 0.0135135
2 0.117647 0.721622 0.0653595 0.221622
7 0.374592 0.645946 0.170752 0.0810811
12 0.199346 0.544595 0.0424837 0.0783784
2 0.180147 0.582432 0.0645425 0.0675676
8 0.28268 0.644595 0.261438 0.148649
12 0.236928 0.544595 0.0424837 0.0783784
10 0.557598 0.447297 0.0694444 0.202703
2 0.237745 0.582432 0.0637255 0.0675676
19 0.821895 0.636486 0.0473856 0.154054
20 0.133987 0.497297 0.133987 0.189189
19 0.851716 0.65 0.0547386 0.17027
10 0.575163 0.522973 0.0179739 0.0837838
19 0.555964 0.541892 0.0204248 0.0351351
10 0.573121 0.522973 0.0171569 0.0783784
12 0.311275 0.544595 0.0408497 0.0783784
12 0.584559 0.548649 0.0433007 0.0216216
20 0.663399 0.566216 0.0147059 0.0513514
19 0.943219 0.690541 0.0776144 0.218919
12 0.274101 0.544595 0.0416667 0.0783784
10 0.576797 0.522973 0.0179739 0.0837838
19 0.891748 0.666216 0.0629085 0.191892
12 0.620098 0.55 0.0294118 0.0189189
12 0.562092 0.544595 0.00816993 0.0189189
10 0.56781 0.521622 0.0163399 0.0756757
10 0.571487 0.522973 0.0171569 0.0783784
10 0.596814 0.524324 0.0220588 0.0864865
10 0.569444 0.521622 0.0163399 0.0756757
10 0.586601 0.524324 0.0212418 0.0864865
12 0.669118 0.55 0.0310458 0.0189189
12 0.644199 0.55 0.0302288 0.0189189
10 0.607026 0.524324 0.0212418 0.0864865
5 0.637663 0.371622 0.0236928 0.424324
10 0.617239 0.524324 0.0220588 0.0864865
10 0.648693 0.524324 0.0228758 0.0864865
10 0.638072 0.524324 0.0228758 0.0864865
5 0.84518 0.393243 0.0400327 0.354054
5 0.449755 0.421622 0.0383987 0.259459
18 0.55433 0.424324 0.00735294 0.0918919
20 0.221405 0.590541 0.0277778 0.105405
10 0.627859 0.524324 0.0220588 0.0864865
5 0.399101 0.337838 0.0808824 0.535135
5 0.430556 0.495946 0.00163399 0.116216
18 0.430964 0.464865 0.00408497 0.0432432
5 0.629902 0.494595 0.00163399 0.135135
18 0.633578 0.458108 0.00571895 0.0513514
5 0.553922 0.493243 0.00326797 0.240541
