3 0.611928 0.583784 0.0408497 0.0162162
19 0.935866 0.659459 0.0759804 0.0162162
20 0.602124 0.559459 0.00816993 0.0378378
8 0.733252 0.624324 0.505719 0.12973
1 0.810458 0.302703 0.0245098 0.0594595
19 0.688317 0.452703 0.0890523 0.467568
7 0.170343 0.782432 0.340686 0.245946
20 0.589052 0.532432 0.0310458 0.0918919
6 0.390114 0.554054 0.00898693 0.0108108
7 0.27451 0.581081 0.0228758 0.00540541
7 0.473039 0.578378 0.0179739 0.00540541
7 0.534722 0.760811 0.590686 0.224324
20 0.597631 0.560811 0.00898693 0.0405405
19 0.675654 0.513514 0.0294118 0.237838
6 0.375408 0.583784 0.0171569 0.0216216
6 0.384395 0.566216 0.0122549 0.0135135
12 0.140931 0.593243 0.0416667 0.0783784
7 0.409722 0.566216 0.0580065 0.0135135
12 0.216095 0.567568 0.0236928 0.0540541
8 0.476307 0.585135 0.0767974 0.0351351
12 0.196078 0.574324 0.0277778 0.0621622
7 0.336601 0.585135 0.0882353 0.0243243
7 0.472222 0.436486 0.944444 0.872973
8 0.267157 0.587838 0.109477 0.0405405
12 0.102533 0.608108 0.0531046 0.0918919
8 0.464052 0.566216 0.0588235 0.0243243
8 0.300245 0.567568 0.0792484 0.027027
8 0.73652 0.645946 0.410948 0.102703
12 0.0506536 0.627027 0.0702614 0.108108
7 0.408088 0.583784 0.0743464 0.0216216
7 0.411356 0.554054 0.0465686 0.0108108
7 0.403186 0.627027 0.125 0.0648649
12 0.171569 0.582432 0.0343137 0.0675676
7 0.288807 0.62973 0.164216 0.0702703
12 0.300245 0.537838 0.00898693 0.0324324
12 0.286765 0.543243 0.0114379 0.0324324
5 0.35335 0.405405 0.0465686 0.302703
12 0.294118 0.540541 0.00980392 0.0324324
18 0.821487 0.385135 0.0220588 0.148649
12 0.246732 0.556757 0.0179739 0.0432432
18 0.232843 0.406757 0.0130719 0.110811
5 0.420752 0.322973 0.0866013 0.581081
12 0.232435 0.562162 0.0204248 0.0486486
1 0.604575 0.406757 0.178105 0.337838
5 0.813317 0.491892 0.00735294 0.383784
12 0.269199 0.548649 0.0138889 0.0378378
12 0.278595 0.545946 0.0130719 0.0378378
12 0.258578 0.552703 0.0155229 0.0405405
5 0.229984 0.487838 0.00408497 0.294595
