19 0.697304 0.671622 0.0678105 0.0891892
7 0.276552 0.755405 0.324346 0.175676
19 0.206699 0.683784 0.0767974 0.0216216
6 0.402369 0.755405 0.0857843 0.175676
7 0.422794 0.597297 0.0939542 0.027027
10 0.404412 0.410811 0.0326797 0.308108
7 0.501225 0.562162 0.0498366 0.0108108
6 0.47835 0.562162 0.00898693 0.0108108
7 0.501225 0.575676 0.0629085 0.0162162
7 0.441993 0.575676 0.0686275 0.0162162
6 0.447712 0.639189 0.0326797 0.0567568
6 0.464052 0.597297 0.0179739 0.027027
19 0.34518 0.598649 0.0334967 0.00810811
6 0.472631 0.575676 0.0122549 0.0162162
19 0.644608 0.624324 0.0473856 0.0594595
19 0.613154 0.597297 0.0351307 0.0432432
19 0.593546 0.57973 0.0285948 0.0351351
7 0.386029 0.639189 0.147876 0.0567568
7 0.453431 0.562162 0.0539216 0.0108108

8 0.408497 0.562162 0.0620915 0.0216216
7 0.501634 0.639189 0.125817 0.0567568
7 0.501634 0.755405 0.25817 0.175676
7 0.501634 0.597297 0.0833333 0.027027
2 0.660539 0.564865 0.00898693 0.0540541
2 0.67933 0.572973 0.0122549 0.0594595
2 0.985703 0.716216 0.0285948 0.2
2 0.884395 0.659459 0.0514706 0.140541
2 0.806373 0.627027 0.0326797 0.108108
8 0.548203 0.562162 0.0539216 0.0216216
2 0.778186 0.613514 0.0269608 0.0972973
2 0.652369 0.562162 0.00898693 0.0486486
2 0.703431 0.583784 0.0147059 0.0702703
10 0.341912 0.304054 0.11683 0.608108
2 0.841095 0.641892 0.0400327 0.121622
8 0.724265 0.766216 0.321078 0.218919
2 0.941176 0.683784 0.0669935 0.162162
2 0.754902 0.605405 0.0228758 0.0864865
10 0.201389 0.354054 0.177288 0.708108
2 0.690359 0.578378 0.0130719 0.0648649
1 0.211193 0.0891892 0.200163 0.178378
1 0.211193 0.190541 0.200163 0.181081
8 0.351307 0.6 0.114379 0.0432432
8 0.156863 0.764865 0.313725 0.216216
8 0.28268 0.644595 0.187908 0.0783784
8 0.386846 0.577027 0.0808824 0.0297297
2 0.718137 0.589189 0.0163399 0.0756757
2 0.734886 0.597297 0.0187908 0.0810811
5 0.50817 0.408108 0.0457516 0.308108
2 0.609069 0.544595 0.00408497 0.0351351
19 0.57067 0.587838 0.0155229 0.0945946
5 0.323938 0.347297 0.147876 0.694595
2 0.598448 0.540541 0.00408497 0.0324324
2 0.622141 0.55 0.00571895 0.0405405
2 0.595588 0.539189 0.00326797 0.0297297
2 0.617239 0.548649 0.00571895 0.0378378
2 0.63848 0.556757 0.00735294 0.0432432
2 0.601716 0.541892 0.00408497 0.0351351
2 0.612745 0.545946 0.00490196 0.0378378
2 0.59232 0.539189 0.00326797 0.0297297
2 0.645016 0.559459 0.00735294 0.0486486
2 0.632353 0.554054 0.00653595 0.0432432
2 0.627042 0.552703 0.00571895 0.0405405
2 0.604984 0.543243 0.00408497 0.0324324
