19 0.57884 0.567568 0.0236928 0.0324324
19 0.0522876 0.791892 0.104575 0.0486486
6 0.474265 0.566216 0.0106209 0.0135135
6 0.467729 0.582432 0.0138889 0.0189189
19 0.645016 0.625676 0.0482026 0.0621622
19 0.588235 0.537838 0.0114379 0.0486486
19 0.613562 0.597297 0.0359477 0.0486486
1 0.172386 0.237838 0.0326797 0.0864865
1 0.207108 0.260811 0.0269608 0.1
1 0.313317 0.375676 0.0138889 0.0432432
10 0.38031 0.451351 0.0253268 0.254054
7 0.5 0.612162 0.0996732 0.0405405
7 0.446895 0.566216 0.0604575 0.0135135
7 0.499592 0.566216 0.0547386 0.0135135
7 0.407271 0.612162 0.113562 0.0405405
7 0.499592 0.554054 0.0449346 0.0108108
7 0.500408 0.677027 0.167484 0.0891892
6 0.322712 0.860811 0.205882 0.278378
7 0.432598 0.582432 0.0792484 0.0189189
6 0.431781 0.675676 0.0465686 0.0864865
7 0.499592 0.582432 0.0710784 0.0189189
2 0.879493 0.648649 0.0482026 0.12973
2 0.75531 0.598649 0.0220588 0.0837838
2 0.979984 0.697297 0.0400327 0.178378
2 0.93219 0.668919 0.0620915 0.154054
8 0.648284 0.681081 0.198529 0.118919
2 0.805556 0.618919 0.0310458 0.102703
2 0.778595 0.608108 0.0261438 0.0918919
8 0.551471 0.566216 0.0588235 0.0243243
8 0.370507 0.585135 0.0939542 0.0351351
10 0.314951 0.32027 0.146242 0.640541
8 0.397467 0.566216 0.0694444 0.0243243
8 0.218954 0.681081 0.264706 0.118919
2 0.838644 0.631081 0.0383987 0.116216
8 0.323121 0.614865 0.14134 0.0567568
2 0.634395 0.551351 0.00571895 0.0432432
2 0.599673 0.537838 0.00326797 0.0324324
2 0.640523 0.554054 0.00653595 0.0432432
2 0.610294 0.541892 0.00490196 0.0351351
2 0.647059 0.555405 0.00816993 0.0459459
2 0.606618 0.540541 0.00408497 0.0324324
2 0.654412 0.559459 0.00816993 0.0486486
2 0.719771 0.583784 0.0163399 0.0702703
2 0.736111 0.590541 0.0196078 0.0783784
2 0.67116 0.564865 0.0106209 0.0540541
2 0.692402 0.574324 0.0122549 0.0621622
2 0.662173 0.560811 0.00898693 0.0513514
2 0.628676 0.55 0.00571895 0.0405405
2 0.705065 0.578378 0.0147059 0.0648649
2 0.614379 0.543243 0.00490196 0.0378378
2 0.618873 0.545946 0.00571895 0.0378378
2 0.681373 0.568919 0.0114379 0.0567568
2 0.623775 0.547297 0.00571895 0.0405405
5 0.543709 0.414865 0.245915 0.82973
2 0.596405 0.536486 0.00326797 0.0297297
5 0.506944 0.404054 0.0465686 0.316216
19 0.162173 0.668919 0.0433007 0.181081
5 0.406454 0.347297 0.0759804 0.505405
19 0.553922 0.567568 0.0114379 0.0702703
