19 0.437092 0.536486 0.00490196 0.0297297
6 0.461601 0.602703 0.0196078 0.0324324
7 0.502859 0.652703 0.14134 0.0675676
7 0.417075 0.602703 0.102124 0.0324324
8 0.339869 0.605405 0.124183 0.0486486
7 0.508578 0.813514 0.330882 0.254054
6 0.382353 0.812162 0.114379 0.251351
19 0.435049 0.537838 0.00408497 0.0324324
19 0.38317 0.532432 0.0130719 0.0378378
6 0.443219 0.652703 0.0367647 0.0675676
7 0.220997 0.813514 0.422386 0.254054
19 0.433007 0.540541 0.00490196 0.0324324
7 0.373366 0.652703 0.166667 0.0675676
7 0.501634 0.602703 0.0898693 0.0324324
2 0.731209 0.543243 0.0179739 0.0324324
15 0.462827 0.555405 0.311275 0.0783784
15 0.441585 0.589189 0.499183 0.12973
8 0.583742 0.605405 0.102124 0.0486486
2 0.713235 0.543243 0.0179739 0.0324324
8 0.145833 0.828378 0.291667 0.305405
2 0.748366 0.543243 0.0179739 0.0324324
15 0.49183 0.712162 0.98366 0.348649
2 0.765931 0.543243 0.0187908 0.0324324
8 0.258987 0.658108 0.215686 0.0945946
2 0.59232 0.545946 0.0457516 0.0432432
8 0.629085 0.658108 0.166667 0.0945946
2 0.608252 0.541892 0.0187908 0.0351351
2 0.375 0.540541 0.0179739 0.0324324
2 0.642974 0.541892 0.0179739 0.0351351
2 0.678105 0.543243 0.0179739 0.0324324
2 0.660948 0.541892 0.0179739 0.0351351
2 0.625817 0.541892 0.0179739 0.0351351
5 0.531863 0.495946 0.00163399 0.137838
2 0.381127 0.541892 0.00571895 0.0351351
2 0.270425 0.540541 0.0179739 0.0324324
2 0.217729 0.540541 0.0187908 0.0324324
2 0.357843 0.540541 0.0179739 0.0324324
5 0.520833 0.321622 0.0890523 0.594595
5 0.444853 0.409459 0.0449346 0.3
2 0.369281 0.547297 0.00653595 0.0405405
2 0.375817 0.545946 0.00653595 0.0378378
2 0.235294 0.540541 0.0179739 0.0324324
2 0.252451 0.540541 0.0179739 0.0324324
2 0.287582 0.540541 0.0179739 0.0324324
18 0.531454 0.456757 0.00408497 0.0540541
2 0.305556 0.540541 0.0179739 0.0324324
