10 0.321487 0.532432 0.0351307 0.0540541
10 0.373366 0.522973 0.0277778 0.0405405
7 0.368873 0.578378 0.0204248 0.00540541
2 0.330065 0.595946 0.0130719 0.0891892
19 0.322304 0.560811 0.0171569 0.0513514
2 0.345588 0.586486 0.0114379 0.0810811
2 0.298203 0.563514 0.0147059 0.072973
2 0.283497 0.568919 0.0163399 0.0783784
1 0.0878268 0.471622 0.144608 0.3
20 0.646242 0.535135 0.0294118 0.108108
19 0.26348 0.57027 0.0187908 0.102703
2 0.267157 0.574324 0.0179739 0.0837838
19 0.32884 0.558108 0.0171569 0.0459459
7 0.568219 0.578378 0.0187908 0.00540541
2 0.357435 0.544595 0.00735294 0.0513514
20 0.652778 0.536486 0.0506536 0.121622
2 0.35049 0.547297 0.00816993 0.0513514
20 0.635621 0.532432 0.0261438 0.102703
19 0.662173 0.595946 0.0122549 0.0243243
19 0.371324 0.543243 0.0122549 0.0378378
2 0.363562 0.543243 0.00653595 0.0486486
7 0.5 0.648649 0.137255 0.0648649
7 0.375 0.648649 0.161765 0.0648649
7 0.234069 0.794595 0.394608 0.227027
6 0.442402 0.648649 0.0367647 0.0648649
7 0.531454 0.554054 0.110294 0.0108108
2 0.255719 0.637838 0.0277778 0.135135
7 0.500817 0.597297 0.0915033 0.0378378
2 0.0506536 0.762162 0.0898693 0.27027
6 0.384395 0.794595 0.10866 0.227027
7 0.455065 0.554054 0.0506536 0.0108108
7 0.418301 0.597297 0.102941 0.0378378
2 0.14665 0.704054 0.0563725 0.202703
7 0.500408 0.794595 0.308007 0.227027
2 0.287582 0.62027 0.0212418 0.116216
2 0.311275 0.606757 0.0163399 0.1
2 0.207925 0.666216 0.0383987 0.164865
7 0.443219 0.568919 0.0661765 0.0189189
7 0.54085 0.568919 0.142157 0.0189189
2 0.311275 0.558108 0.0457516 0.0513514
2 0.721405 0.608108 0.194444 0.151351
12 0.225899 0.567568 0.0629085 0.118919
8 0.355392 0.597297 0.150327 0.0810811
20 0.222631 0.497297 0.0906863 0.140541
19 0.706291 0.586486 0.0253268 0.0972973
19 0.694036 0.581081 0.0236928 0.0918919
12 0.322304 0.533784 0.0318627 0.0621622
19 0.685049 0.577027 0.0220588 0.0891892
20 0.624592 0.55 0.0106209 0.0405405
5 0.539216 0.363514 0.169935 0.727027
5 0.608252 0.4 0.0155229 0.32973
8 0.147876 0.808108 0.295752 0.275676
12 0.351307 0.533784 0.0326797 0.0621622
8 0.263889 0.652703 0.20915 0.0891892
12 0.293301 0.533784 0.0326797 0.0621622
19 0.718954 0.591892 0.0277778 0.102703
20 0.793301 0.62973 0.0261438 0.0972973
5 0.607026 0.495946 0.00163399 0.110811
18 0.539216 0.444595 0.00490196 0.0675676
5 0.538807 0.493243 0.00245098 0.175676
20 0.312908 0.559459 0.0163399 0.0702703
18 0.609886 0.464865 0.00408497 0.0432432
20 0.760621 0.609459 0.0310458 0.127027
5 0.425245 0.37973 0.0596405 0.391892
