19 0.691176 0.545946 0.0179739 0.0216216
7 0.42402 0.609459 0.116013 0.0405405
7 0.653595 0.548649 0.122549 0.00540541
7 0.481618 0.545946 0.0449346 0.0108108
7 0.452614 0.575676 0.0833333 0.027027
6 0.307598 0.859459 0.249183 0.281081
7 0.515114 0.609459 0.10049 0.0405405
7 0.362337 0.672973 0.205065 0.0918919
7 0.518382 0.578378 0.0743464 0.027027
7 0.50817 0.675676 0.169935 0.0918919
19 0.748775 0.545946 0.0171569 0.0216216
6 0.472631 0.608108 0.0269608 0.0378378
6 0.442402 0.672973 0.0547386 0.0918919
19 0.809232 0.547297 0.0171569 0.0243243
7 0.549428 0.545946 0.0988562 0.0108108
2 0.743056 0.545946 0.0220588 0.0378378
2 0.721814 0.544595 0.0220588 0.0405405
15 0.459967 0.583784 0.486928 0.12973
15 0.484886 0.705405 0.969771 0.345946
8 0.236111 0.677027 0.261438 0.116216

8 0.401552 0.577027 0.11683 0.0621622
2 0.658497 0.544595 0.0212418 0.0405405
2 0.679739 0.544595 0.0212418 0.0405405
2 0.700572 0.544595 0.0220588 0.0405405
8 0.341912 0.610811 0.14134 0.0540541
7 0.555556 0.558108 0.124183 0.0135135
8 0.664624 0.683784 0.200163 0.124324
2 0.764297 0.545946 0.0220588 0.0378378
7 0.665441 0.554054 0.134804 0.00540541
7 0.471405 0.558108 0.0571895 0.0135135
2 0.959559 0.545946 0.0236928 0.0378378
2 0.915441 0.545946 0.0220588 0.0378378
2 0.981618 0.545946 0.0236928 0.0378378
2 0.828431 0.545946 0.0228758 0.0378378
12 0.39665 0.541892 0.0106209 0.0351351
2 0.785539 0.545946 0.0220588 0.0378378
2 0.893791 0.545946 0.0228758 0.0378378
2 0.850082 0.545946 0.0220588 0.0378378
2 0.937092 0.545946 0.0228758 0.0378378
12 0.410539 0.536486 0.00898693 0.0297297
12 0.404412 0.540541 0.00980392 0.0324324
5 0.464052 0.405405 0.0441176 0.297297
12 0.388889 0.544595 0.0114379 0.0351351
2 0.806781 0.545946 0.0220588 0.0378378
12 0.416258 0.535135 0.00898693 0.027027
2 0.871732 0.545946 0.0228758 0.0378378
5 0.555556 0.491892 0.00163399 0.145946
11 0.4375 0.556757 0.0465686 0.0918919
18 0.555556 0.45 0.00490196 0.0567568
19 0.759395 0.533784 0.00898693 0.0405405
5 0.52982 0.310811 0.0906863 0.616216
