10 0.369281 0.543243 0.00980392 0.027027
10 0.371732 0.540541 0.00980392 0.027027
10 0.378676 0.539189 0.00898693 0.0243243
10 0.379493 0.539189 0.00898693 0.0243243
10 0.382761 0.539189 0.00898693 0.0243243
10 0.355801 0.547297 0.0106209 0.0297297
10 0.386438 0.536486 0.00816993 0.0243243
10 0.388889 0.536486 0.00816993 0.0243243
19 0.372141 0.554054 0.00898693 0.0216216
10 0.390114 0.535135 0.00735294 0.0216216
10 0.367647 0.543243 0.00980392 0.027027
10 0.360294 0.544595 0.00980392 0.0297297
10 0.39665 0.532432 0.00735294 0.0216216
10 0.394199 0.535135 0.00735294 0.0216216
10 0.393382 0.535135 0.00735294 0.0216216
10 0.387255 0.536486 0.00816993 0.0243243
19 0.368464 0.555405 0.00980392 0.0243243
10 0.361928 0.544595 0.00980392 0.0297297
10 0.357435 0.547297 0.0106209 0.0297297
19 0.378676 0.551351 0.00898693 0.0216216
19 0.389297 0.547297 0.00735294 0.0189189
19 0.381536 0.55 0.00816993 0.0189189
19 0.393791 0.544595 0.00653595 0.0189189
19 0.386846 0.547297 0.00735294 0.0189189
19 0.396242 0.543243 0.00653595 0.0162162
2 0.198529 0.6 0.0310458 0.113514
20 0.823938 0.583784 0.0923203 0.248649
19 0.356618 0.560811 0.0106209 0.0243243
19 0.0870098 0.644595 0.0547386 0.121622
7 0.64665 0.67027 0.0449346 0.0162162
2 0.248366 0.583784 0.0212418 0.0918919
7 0.219363 0.67027 0.0547386 0.0162162
19 0.361111 0.558108 0.00980392 0.0243243
20 0.930147 0.622973 0.139706 0.408108
10 0.0816993 0.581081 0.109477 0.135135
7 0.466095 0.6 0.0285948 0.0108108
622
10 0.27982 0.544595 0.0498366 0.072973
20 0.892974 0.602703 0.124183 0.308108
7 0.504902 0.802703 0.349673 0.291892
12 0.13848 0.562162 0.0596405 0.108108
12 0.189951 0.562162 0.0580065 0.108108
7 0.581699 0.62973 0.284314 0.0594595
20 0.737745 0.598649 0.0245098 0.0783784
12 0.241013 0.562162 0.0571895 0.108108
19 0.120507 0.632432 0.0482026 0.113514
12 0.604984 0.560811 0.0547386 0.0243243
10 0.573121 0.433784 0.0890523 0.256757
7 0.446895 0.564865 0.0637255 0.0162162
19 0.569853 0.552703 0.0269608 0.0459459
8 0.372958 0.585135 0.125 0.0675676
2 0.0151144 0.636486 0.0302288 0.116216
7 0.500408 0.564865 0.0580065 0.0162162
12 0.0870098 0.562162 0.0596405 0.108108
7 0.22018 0.802703 0.440359 0.291892
7 0.391748 0.628378 0.139706 0.0567568
7 0.428513 0.586486 0.0857843 0.027027
19 0.276144 0.57973 0.0245098 0.0675676
7 0.551879 0.586486 0.180556 0.027027
10 0.586601 0.527027 0.0212418 0.0972973
10 0.575163 0.522973 0.0179739 0.0783784
12 0.680147 0.562162 0.0383987 0.0216216
2 0.0710784 0.635135 0.106209 0.113514
10 0.579657 0.525676 0.0187908 0.0891892
10 0.59232 0.52973 0.0228758 0.102703
10 0.589461 0.528378 0.0220588 0.1
10 0.584559 0.527027 0.0204248 0.0918919
12 0.64951 0.562162 0.0375817 0.0216216
10 0.572304 0.522973 0.0171569 0.0783784
10 0.59518 0.52973 0.0236928 0.102703
10 0.684232 0.531081 0.0302288 0.105405
10 0.697304 0.531081 0.0302288 0.105405
10 0.671569 0.531081 0.0294118 0.105405
12 0.710376 0.562162 0.0383987 0.0216216
10 0.645833 0.531081 0.0285948 0.105405
10 0.607435 0.531081 0.0269608 0.105405
12 0.740605 0.562162 0.0383987 0.0216216
10 0.709967 0.531081 0.0310458 0.105405
10 0.658497 0.531081 0.0294118 0.105405
10 0.620098 0.531081 0.0277778 0.105405
10 0.63317 0.531081 0.0277778 0.105405
10 0.722222 0.531081 0.0310458 0.105405
5 0.945261 0.360811 0.0653595 0.462162
11 0.499183 0.532432 0.0228758 0.0486486
5 0.6875 0.321622 0.0400327 0.589189
18 0.669935 0.445946 0.00816993 0.0648649
18 0.41585 0.456757 0.00490196 0.0540541
5 0.415033 0.494595 0.00163399 0.140541
18 0.588644 0.377027 0.0138889 0.154054
5 0.343546 0.332432 0.126634 0.664865
5 0.587418 0.489189 0.00490196 0.389189
5 0.665441 0.494595 0.00245098 0.172973
5 0.439542 0.405405 0.0473856 0.313514
