19 0.553922 0.543243 0.0147059 0.0216216
7 0.436683 0.581081 0.0776144 0.0216216
19 0.345588 0.597297 0.0343137 0.00540541
6 0.471405 0.581081 0.0147059 0.0216216
19 0.681373 0.652703 0.0604575 0.0783784
7 0.459559 0.554054 0.0482026 0.0108108
19 0.559641 0.548649 0.0163399 0.0216216
19 0.77165 0.732432 0.10049 0.12973
6 0.460376 0.610811 0.0220588 0.0378378
1 0.324755 0.356757 0.0171569 0.0432432
19 0.397059 0.564865 0.0212418 0.00540541
6 0.437092 0.671622 0.0457516 0.0837838
19 0.566993 0.555405 0.0196078 0.0243243
6 0.477533 0.564865 0.0106209 0.0108108
6 0.339052 0.856757 0.184641 0.286486
7 0.450572 0.564865 0.0596405 0.0108108
7 0.412173 0.610811 0.111928 0.0378378
19 0.575572 0.562162 0.0220588 0.027027
7 0.503268 0.610811 0.0980392 0.0378378
7 0.504493 0.672973 0.162582 0.0864865
8 0.375408 0.583784 0.0923203 0.0324324
2 0.981618 0.697297 0.0367647 0.178378
7 0.502859 0.554054 0.0449346 0.0108108
20 0.107843 0.0608108 0.215686 0.0783784
10 0.399101 0.286486 0.0857843 0.572973
2 0.882761 0.647297 0.0482026 0.132432
8 0.648284 0.678378 0.193627 0.113514
8 0.593137 0.613514 0.111111 0.0540541
8 0.568219 0.583784 0.0776144 0.0324324
8 0.401961 0.566216 0.0686275 0.0243243
2 0.935458 0.667568 0.0620915 0.151351
7 0.503268 0.581081 0.0702614 0.0216216
7 0.502859 0.564865 0.0547386 0.0108108
8 0.55433 0.566216 0.0596405 0.0243243
7 0.357435 0.672973 0.193627 0.0864865
8 0.329657 0.613514 0.138072 0.0540541
2 0.781863 0.608108 0.0261438 0.0918919
2 0.808824 0.618919 0.0310458 0.102703
2 0.841912 0.631081 0.0383987 0.116216
2 0.723039 0.583784 0.0163399 0.0702703
2 0.739788 0.590541 0.0187908 0.0783784
2 0.758578 0.598649 0.0220588 0.0837838
19 0.376225 0.562162 0.0122549 0.0648649
2 0.643791 0.554054 0.00653595 0.0432432
2 0.650327 0.555405 0.00816993 0.0459459
19 0.535131 0.539189 0.00653595 0.0405405
19 0.716095 0.767568 0.0580065 0.291892
5 0.516748 0.343243 0.0776144 0.518919
2 0.599673 0.536486 0.00326797 0.0297297
2 0.627042 0.547297 0.00571895 0.0405405
5 0.446895 0.408108 0.0457516 0.302703
2 0.613562 0.541892 0.00490196 0.0351351
2 0.637255 0.551351 0.00653595 0.0432432
2 0.665441 0.560811 0.00898693 0.0513514
2 0.602941 0.537838 0.00326797 0.0324324
2 0.69567 0.574324 0.0122549 0.0621622
2 0.606209 0.537838 0.00326797 0.0324324
2 0.617647 0.543243 0.00490196 0.0378378
2 0.708333 0.578378 0.0147059 0.0648649
2 0.631944 0.55 0.00571895 0.0405405
2 0.622141 0.545946 0.00571895 0.0378378
2 0.674428 0.564865 0.0106209 0.0540541
2 0.684641 0.568919 0.0114379 0.0567568
2 0.65768 0.559459 0.00816993 0.0486486
2 0.609886 0.540541 0.00408497 0.0324324
11 0.174428 0.743243 0.348856 0.513514
