19 0.60866 0.593243 0.0343137 0.0459459
1 0.258987 0.3 0.0196078 0.0594595
19 0.637255 0.617568 0.0441176 0.0567568
10 0.339461 0.433784 0.0318627 0.343243
7 0.226307 0.627027 0.0408497 0.0108108
1 0.0433007 0.125676 0.0555556 0.164865
19 0.549837 0.541892 0.0147059 0.0189189
19 0.688317 0.662162 0.0645425 0.0864865
19 0.338644 0.598649 0.0351307 0.00810811
19 0.791667 0.754054 0.112745 0.145946
6 0.46732 0.583784 0.0147059 0.0216216
10 0.390931 0.459459 0.0302288 0.227027
19 0.611928 0.548649 0.0147059 0.0648649
19 0.555556 0.545946 0.0163399 0.0216216
1 0.258987 0.340541 0.0196078 0.0540541
1 0.322712 0.382432 0.0130719 0.0405405
19 0.178922 0.698649 0.0866013 0.0243243
6 0.474265 0.566216 0.0106209 0.0135135
6 0.456291 0.613514 0.0236928 0.0378378
7 0.500817 0.678378 0.169935 0.0918919
7 0.446895 0.566216 0.0604575 0.0135135
7 0.5 0.566216 0.0555556 0.0135135
7 0.5 0.613514 0.101307 0.0378378
8 0.551879 0.566216 0.0596405 0.0243243
6 0.312908 0.862162 0.223856 0.275676
7 0.43219 0.583784 0.0800654 0.0216216
7 0.455882 0.554054 0.0490196 0.0108108
7 0.406454 0.613514 0.115196 0.0378378
7 0.347222 0.678378 0.204248 0.0918919
8 0.397059 0.566216 0.0702614 0.0243243
7 0.5 0.583784 0.0718954 0.0216216
6 0.430556 0.678378 0.0490196 0.0918919
7 0.499592 0.554054 0.0449346 0.0108108
2 0.823938 0.625676 0.0351307 0.110811
2 0.908497 0.659459 0.0555556 0.140541
8 0.36969 0.585135 0.0939542 0.0351351
2 0.861111 0.640541 0.0441176 0.124324
10 0.41299 0.3 0.0612745 0.513514
8 0.214052 0.685135 0.271242 0.121622
2 0.767974 0.604054 0.0245098 0.0891892
2 0.658905 0.560811 0.00898693 0.0513514
2 0.793301 0.613514 0.0294118 0.0972973
2 0.728758 0.587838 0.0179739 0.072973
10 0.166258 0.385135 0.286765 0.77027
2 0.699755 0.575676 0.0138889 0.0648649
2 0.676879 0.568919 0.0106209 0.0567568
2 0.644199 0.555405 0.00735294 0.0459459
2 0.6875 0.571622 0.0122549 0.0621622
2 0.667484 0.564865 0.00980392 0.0540541
2 0.713644 0.582432 0.0155229 0.0675676
2 0.966503 0.683784 0.0669935 0.167568
2 0.747141 0.594595 0.0204248 0.0810811
2 0.651144 0.556757 0.00816993 0.0486486
8 0.321487 0.617568 0.142974 0.0567568
5 0.359477 0.325676 0.116013 0.651351
2 0.621732 0.545946 0.00490196 0.0378378
1 0.169526 0.363514 0.319444 0.5
5 0.452206 0.421622 0.0383987 0.259459
2 0.631944 0.55 0.00571895 0.0405405
2 0.595588 0.536486 0.00326797 0.0297297
2 0.627042 0.547297 0.00571895 0.0405405
2 0.604984 0.540541 0.00408497 0.0324324
2 0.598856 0.536486 0.00326797 0.0297297
2 0.61683 0.544595 0.00490196 0.0351351
19 0.582925 0.604054 0.0187908 0.110811
5 0.509395 0.378378 0.0596405 0.4
2 0.601716 0.537838 0.00408497 0.0324324
2 0.638072 0.551351 0.00653595 0.0432432
1 0.270833 0.408108 0.198529 0.335135
