19 0.561275 0.552703 0.0179739 0.0243243
19 0.595997 0.582432 0.0302288 0.0405405
19 0.580882 0.57027 0.0245098 0.0324324
19 0.569444 0.559459 0.0212418 0.027027
1 0.347631 0.398649 0.0106209 0.0351351
6 0.473856 0.564865 0.00980392 0.0108108
6 0.46732 0.581081 0.0147059 0.0216216
10 0.403595 0.460811 0.0212418 0.202703
19 0.265114 0.645946 0.0563725 0.0162162
19 0.572304 0.531081 0.00898693 0.0405405
19 0.363154 0.583784 0.0285948 0.00540541
1 0.347631 0.374324 0.0106209 0.0351351
6 0.433007 0.672973 0.0457516 0.0864865
6 0.456699 0.610811 0.0228758 0.0378378
6 0.332108 0.858108 0.190359 0.283784
7 0.352533 0.672973 0.195261 0.0864865
7 0.455474 0.554054 0.0482026 0.0108108
7 0.432598 0.582432 0.0776144 0.0189189
7 0.40768 0.610811 0.112745 0.0378378
7 0.446487 0.566216 0.0596405 0.0135135
10 0.262255 0.333784 0.137255 0.667568
8 0.397876 0.566216 0.0686275 0.0243243
8 0.370915 0.583784 0.0931373 0.0324324
7 0.498775 0.554054 0.0449346 0.0108108
8 0.325163 0.613514 0.138889 0.0540541
8 0.644608 0.678378 0.194444 0.113514
7 0.5 0.672973 0.163399 0.0864865
7 0.499183 0.582432 0.0702614 0.0189189
8 0.589052 0.613514 0.111111 0.0540541
10 0.366422 0.297297 0.10866 0.594595
7 0.499592 0.610811 0.0988562 0.0378378
8 0.223856 0.678378 0.25817 0.113514
7 0.498775 0.566216 0.0547386 0.0135135
2 0.72549 0.587838 0.0179739 0.072973
2 0.743056 0.593243 0.0204248 0.0783784
2 0.710376 0.581081 0.0155229 0.0702703
2 0.78799 0.610811 0.0285948 0.0972973
2 0.994281 0.710811 0.0114379 0.194595
2 0.817402 0.622973 0.0334967 0.105405
2 0.85335 0.637838 0.0416667 0.118919
2 0.76348 0.602703 0.0236928 0.0864865
2 0.957108 0.678378 0.0694444 0.162162
2 0.899101 0.655405 0.0531046 0.137838
2 0.696895 0.575676 0.0130719 0.0648649
2 0.625408 0.547297 0.00571895 0.0405405
2 0.63031 0.55 0.00571895 0.0405405
2 0.64951 0.556757 0.00816993 0.0486486
2 0.674428 0.566216 0.0106209 0.0567568
2 0.636438 0.551351 0.00653595 0.0432432
2 0.665441 0.563514 0.00898693 0.0513514
2 0.61152 0.541892 0.00408497 0.0351351
2 0.642565 0.555405 0.00735294 0.0459459
2 0.685049 0.57027 0.0122549 0.0594595
2 0.656863 0.559459 0.00816993 0.0486486
2 0.616013 0.544595 0.00490196 0.0351351
1 0.225899 0.389189 0.249183 0.405405
2 0.607435 0.540541 0.00408497 0.0324324
2 0.60049 0.537838 0.00326797 0.0324324
5 0.42933 0.386486 0.0563725 0.378378
19 0.539624 0.55 0.00898693 0.0513514
2 0.604167 0.540541 0.00408497 0.0324324
5 0.520016 0.328378 0.11683 0.656757
19 0.316176 0.589189 0.0196078 0.0972973
2 0.597222 0.536486 0.00326797 0.0297297
5 0.504902 0.421622 0.0392157 0.259459
