19 0.78268 0.714865 0.147059 0.105405
7 0.314951 0.613514 0.0236928 0.00540541
2 0.64951 0.554054 0.0277778 0.0594595
7 0.629493 0.644595 0.0383987 0.0135135
10 0.794935 0.666216 0.116013 0.191892

8 0.310049 0.628378 0.218137 0.121622
10 0.816176 0.681081 0.135621 0.237838
2 0.623366 0.551351 0.0245098 0.0594595
12 0.910539 0.578378 0.0792484 0.140541
10 0.74469 0.635135 0.0923203 0.145946
2 0.629493 0.568919 0.0106209 0.0783784
12 0.969363 0.578378 0.0612745 0.140541
10 0.831699 0.689189 0.125817 0.210811
8 0.160539 0.744595 0.321078 0.191892
2 0.665441 0.590541 0.0155229 0.1
2 0.613562 0.560811 0.00816993 0.0675676
2 0.639706 0.575676 0.0114379 0.0864865
12 0.70384 0.578378 0.0743464 0.140541
10 0.774918 0.655405 0.111928 0.202703
19 0.768382 0.521622 0.0825163 0.221622
10 0.739788 0.62973 0.0923203 0.145946
10 0.757353 0.644595 0.0816993 0.175676
2 0.620915 0.566216 0.00816993 0.072973
19 0.775327 0.516216 0.0669935 0.172973
2 0.610703 0.556757 0.00245098 0.0648649
2 0.389706 0.494595 0.00816993 0.124324
2 0.395833 0.494595 0.00735294 0.118919
12 0.772467 0.578378 0.0759804 0.140541
5 0.428922 0.390541 0.0539216 0.359459
5 0.710376 0.4 0.0253268 0.32973
2 0.281863 0.490541 0.0294118 0.256757
17 0.419526 0.55 0.0106209 0.0351351
2 0.305556 0.491892 0.0245098 0.227027
2 0.340278 0.493243 0.0171569 0.186486
2 0.382353 0.494595 0.00980392 0.135135
17 0.425245 0.545946 0.00898693 0.0324324
2 0.373775 0.494595 0.0106209 0.145946
2 0.210376 0.487838 0.0514706 0.348649
2 0.251225 0.489189 0.0383987 0.297297
2 0.0690359 0.481081 0.110294 0.540541
2 0.35335 0.493243 0.0138889 0.17027
2 0.153595 0.485135 0.0718954 0.424324
2 0.324346 0.491892 0.0196078 0.205405
17 0.412582 0.554054 0.0114379 0.0378378
17 0.404003 0.559459 0.0138889 0.0432432
2 0.364788 0.494595 0.0122549 0.156757
17 0.393791 0.567568 0.0163399 0.0486486
9 0.270425 0.458108 0.0261438 0.0837838
4 0.559232 0.52027 0.00571895 0.0675676
5 0.556781 0.493243 0.00245098 0.218919
11 0.948121 0.52973 0.10049 0.102703
5 0.269608 0.558108 0.00326797 0.278378
5 0.435458 0.495946 0.00163399 0.110811
18 0.55719 0.431081 0.00816993 0.0837838
11 0.501225 0.714865 0.298203 0.57027
5 0.627859 0.495946 0.00245098 0.127027
18 0.631127 0.459459 0.00571895 0.0486486
18 0.435866 0.466216 0.00408497 0.0405405
