7 0.793709 0.833784 0.110294 0.0567568
2 0.839461 0.486486 0.0498366 0.189189
2 0.744281 0.486486 0.0490196 0.189189
7 0.226307 0.672973 0.452614 0.102703
2 0.792075 0.486486 0.0498366 0.189189
2 0.934232 0.486486 0.0498366 0.189189
8 0.259395 0.6 0.412582 0.0378378
7 0.344771 0.610811 0.230392 0.0216216
19 0.671569 0.627027 0.0767974 0.113514
10 0.684641 0.333784 0.259804 0.667568
2 0.886846 0.486486 0.0498366 0.189189
2 0.601716 0.486486 0.0482026 0.189189
2 0.174428 0.486486 0.0498366 0.189189
2 0.64951 0.486486 0.0490196 0.189189
2 0.126634 0.486486 0.0506536 0.189189
2 0.221814 0.486486 0.0498366 0.189189
2 0.316585 0.486486 0.0498366 0.189189
2 0.45915 0.486486 0.0490196 0.189189
2 0.0792484 0.486486 0.0506536 0.189189
2 0.55433 0.486486 0.0482026 0.189189
2 0.364379 0.486486 0.0490196 0.189189
2 0.269199 0.486486 0.0498366 0.189189
2 0.696895 0.486486 0.0490196 0.189189
2 0.0314542 0.486486 0.0498366 0.189189
2 0.411765 0.486486 0.0490196 0.189189
2 0.506944 0.486486 0.0482026 0.189189
10 0.933415 0.654054 0.13317 0.535135
10 0.90768 0.635135 0.155229 0.47027
10 0.804739 0.597297 0.101307 0.345946
17 0.662173 0.574324 0.0710784 0.0513514
17 0.330882 0.574324 0.0702614 0.0513514
10 0.832925 0.608108 0.115196 0.378378
17 0.463644 0.574324 0.0694444 0.0513514
2 0.00449346 0.486486 0.00898693 0.189189
10 0.866013 0.62027 0.132353 0.418919
17 0.530229 0.574324 0.0686275 0.0513514
17 0.595997 0.574324 0.0694444 0.0513514
17 0.397059 0.574324 0.0702614 0.0513514
18 0.695261 0.42973 0.00980392 0.0810811
18 0.0457516 0.395946 0.0212418 0.121622
5 0.0531046 0.485135 0.00653595 0.321622
18 0.645016 0.3 0.0236928 0.248649
5 0.640523 0.478378 0.00816993 0.610811
5 0.690359 0.487838 0.00326797 0.208108
12 0.926471 0.814865 0.147059 0.208108
12 0.836193 0.739189 0.103758 0.143243
10 0.801062 0.587838 0.0972222 0.310811
5 0.412582 0.322973 0.0228758 0.57027
