19 0.0849673 0.698649 0.0833333 0.105405
3 0.538399 0.555405 0.0294118 0.00810811
2 0.371732 0.497297 0.0114379 0.145946
2 0.380719 0.498649 0.00980392 0.137838
12 0.821078 0.733784 0.0980392 0.132432
12 0.70915 0.652703 0.0457516 0.072973
2 0.394608 0.498649 0.00816993 0.121622
2 0.361928 0.497297 0.0130719 0.162162
2 0.35049 0.495946 0.0147059 0.175676
10 0.625 0.406757 0.143791 0.397297
12 0.686683 0.612162 0.0988562 0.0513514
6 0.202614 0.897297 0.405229 0.205405
8 0.199755 0.718919 0.39951 0.264865
2 0.388072 0.497297 0.00816993 0.12973
19 0.614379 0.582432 0.0424837 0.0675676
12 0.678105 0.62973 0.0343137 0.0594595
19 0.169935 0.658108 0.0571895 0.0783784
12 0.753268 0.683784 0.0637255 0.0972973
7 0.546977 0.581081 0.160948 0.0216216
17 0.393382 0.574324 0.0171569 0.0513514
2 0.274101 0.493243 0.0318627 0.267568
2 0.320261 0.494595 0.0212418 0.210811
17 0.420343 0.555405 0.0106209 0.0351351
10 0.684232 0.555405 0.0514706 0.181081
2 0.299837 0.494595 0.0261438 0.237838
2 0.13317 0.487838 0.0816993 0.456757
17 0.361928 0.597297 0.0277778 0.0702703
17 0.41299 0.560811 0.0122549 0.0405405
2 0.241422 0.491892 0.0416667 0.313514
2 0.196487 0.490541 0.0563725 0.37027
17 0.379493 0.583784 0.0220588 0.0594595
17 0.404412 0.566216 0.0147059 0.0459459
10 0.84232 0.62027 0.117647 0.391892
10 0.769199 0.593243 0.0841503 0.305405
10 0.722222 0.575676 0.0653595 0.248649
10 0.689134 0.564865 0.0514706 0.210811
10 0.698938 0.567568 0.0563725 0.221622
10 0.814134 0.608108 0.103758 0.356757
10 0.671977 0.559459 0.0465686 0.189189
10 0.709967 0.571622 0.0604575 0.235135
10 0.680556 0.562162 0.0490196 0.2
10 0.736111 0.581081 0.0702614 0.264865
10 0.751634 0.586486 0.0767974 0.281081
10 0.876634 0.632432 0.135621 0.432432
11 0.499592 0.672973 0.147876 0.410811

18 0.579657 0.405405 0.0122549 0.124324
5 0.57884 0.494595 0.00408497 0.318919
5 0.654003 0.498649 0.00245098 0.154054

5 0.424837 0.498649 0.00163399 0.127027
10 0.917892 0.647297 0.15768 0.483784
18 0.658088 0.454054 0.00735294 0.0594595
