10 0.00694444 0.671622 0.0138889 0.116216
12 0.681373 0.613514 0.0473856 0.0378378 0.613971 0.641892 0.146242 0.0783784
3
10 0.173203 0.609459 0.0261438 0.072973
10 0.127451 0.625676 0.0310458 0.0837838
19 0.198121 0.62973 0.0334967 0.0594595
19 0.177288 0.639189 0.0359477 0.0621622
10 0.359069 0.547297 0.0106209 0.0297297
6 0.446487 0.637838 0.0318627 0.0540541
10 0.202206 0.6 0.0236928 0.0648649
19 0.132761 0.658108 0.0449346 0.072973
10 0.0416667 0.654054 0.0392157 0.102703
7 0.5 0.595946 0.0833333 0.0297297
7 0.384395 0.639189 0.147876 0.0567568
10 0.0947712 0.635135 0.0343137 0.0918919
8 0.576797 0.597297 0.0931373 0.0432432
6 0.462827 0.595946 0.0187908 0.0297297
7 0.5 0.639189 0.125817 0.0567568
10 0.194444 0.601351 0.0245098 0.0675676
10 0.0236928 0.659459 0.0408497 0.108108
10 0.181781 0.605405 0.0253268 0.0702703
7 0.421569 0.595946 0.0947712 0.0297297
19 0.101716 0.672973 0.0514706 0.0810811
12 0.586601 0.55 0.0424837 0.0189189
7 0.735294 0.771622 0.0816993 0.0405405
10 0.107843 0.631081 0.0326797 0.0891892
12 0.686683 0.631081 0.0531046 0.072973
12 0.732435 0.645946 0.0612745 0.0540541
10 0.550654 0.451351 0.0637255 0.189189
19 0.551879 0.537838 0.0187908 0.0324324
11 0.724265 0.525676 0.126634 0.181081
12 0.762663 0.671622 0.0808824 0.0621622
1 0.242239 0.391892 0.193627 0.367568
12 0.641748 0.582432 0.0514706 0.0297297
12 0.140114 0.532432 0.0285948 0.0594595
12 0.115605 0.535135 0.0318627 0.0648649
12 0.140931 0.547297 0.0449346 0.0837838
10 0.585784 0.527027 0.0196078 0.0918919
10 0.589869 0.527027 0.0212418 0.0972973
10 0.59232 0.528378 0.0212418 0.1
10 0.594771 0.52973 0.0228758 0.102703
10 0.600082 0.52973 0.0236928 0.108108
10 0.609477 0.533784 0.0261438 0.116216
10 0.602941 0.531081 0.0245098 0.110811
10 0.587827 0.527027 0.0204248 0.0972973
10 0.633578 0.541892 0.0334967 0.143243
10 0.612745 0.533784 0.0277778 0.121622
12 0.322712 0.547297 0.0212418 0.0891892
12 0.305556 0.554054 0.0245098 0.0972973
10 0.628676 0.540541 0.0318627 0.140541
12 0.226307 0.575676 0.0473856 0.140541
12 0.14951 0.578378 0.129085 0.140541
10 0.624592 0.539189 0.0302288 0.132432
12 0.258987 0.566216 0.0375817 0.121622
12 0.284722 0.559459 0.0302288 0.108108
10 0.620098 0.537838 0.0294118 0.12973
10 0.583333 0.525676 0.0196078 0.0891892
10 0.616422 0.536486 0.0285948 0.127027
10 0.597222 0.531081 0.0228758 0.105405
10 0.605801 0.532432 0.0253268 0.113514
10 0.854984 0.624324 0.131536 0.421622
10 0.897059 0.639189 0.153595 0.472973
10 0.928922 0.660811 0.142157 0.537838
10 0.581291 0.525676 0.0187908 0.0891892
10 0.726307 0.574324 0.0735294 0.251351
10 0.70915 0.567568 0.0669935 0.232432
10 0.693627 0.563514 0.0604575 0.218919
10 0.579657 0.524324 0.0187908 0.0864865
5 0.0555556 0.47973 0.0147059 0.737838
10 0.656863 0.541892 0.0392157 0.143243
12 0.778186 0.712162 0.10049 0.132432
12 0.587827 0.560811 0.0106209 0.0243243
12 0.606618 0.575676 0.0138889 0.0324324
5 0.530229 0.495946 0.00163399 0.132432
5 0.516748 0.348649 0.0743464 0.497297
11 0.45098 0.535135 0.0522876 0.0594595
12 0.906454 0.817568 0.187092 0.235135
18 0.530229 0.458108 0.00326797 0.0513514
12 0.582925 0.558108 0.00898693 0.0243243
12 0.599265 0.568919 0.0122549 0.0297297
10 0.583333 0.522973 0.0212418 0.0837838
10 0.821078 0.612162 0.114379 0.381081
12 0.614788 0.57973 0.0155229 0.0351351
5 0.245507 0.383784 0.206699 0.767568
18 0.0702614 0.27973 0.0441176 0.283784
12 0.574346 0.552703 0.00816993 0.0189189
12 0.578431 0.554054 0.00816993 0.0216216
10 0.792484 0.602703 0.101307 0.345946
12 0.593137 0.564865 0.0114379 0.027027
10 0.593954 0.522973 0.0212418 0.0837838
11 0.372958 0.581081 0.159314 0.194595
