3 0.546977 0.560811 0.0351307 0.0135135
17 0.406046 0.560811 0.0147059 0.045945922 0.332516 0.491892 0.0179739 0.2
2432
2 0.314542 0.490541 0.0228758 0.218919
17 0.395425 0.568919 0.0179739 0.0513514
2 0.370098 0.493243 0.0114379 0.154054
19 0.663807 0.610811 0.0645425 0.0972973
2 0.379085 0.493243 0.00980392 0.143243
2 0.393791 0.494595 0.00816993 0.124324
8 0.359477 0.594595 0.147059 0.0810811
2 0.292484 0.489189 0.0277778 0.248649
12 0.794526 0.708108 0.0825163 0.118919
17 0.381536 0.578378 0.0212418 0.0594595
2 0.347222 0.490541 0.0163399 0.181081
17 0.304739 0.633784 0.0522876 0.110811
2 0.264297 0.487838 0.0351307 0.283784
12 0.889297 0.778378 0.138072 0.172973
17 0.339461 0.608108 0.0367647 0.0864865
10 0.780637 0.591892 0.0874183 0.313514

12 0.785131 0.664865 0.169935 0.0918919
10 0.685049 0.352703 0.221405 0.591892
2 0.227124 0.487838 0.0473856 0.332432
2 0.359477 0.491892 0.0130719 0.167568
2 0.176062 0.483784 0.0645425 0.4
10 0.802288 0.6 0.0980392 0.340541
5 0.510621 0.413514 0.0424837 0.281081
10 0.895833 0.632432 0.144608 0.454054
10 0.928105 0.65 0.143791 0.510811
5 0.632761 0.485135 0.00735294 0.527027
18 0.636438 0.332432 0.0228758 0.210811
10 0.948529 0.672973 0.102941 0.583784
10 0.828023 0.609459 0.110294 0.37027
5 0.403595 0.341892 0.0784314 0.521622
10 0.859069 0.62027 0.125 0.408108
18 0.413399 0.451351 0.00653595 0.0594595
11 0.501634 0.594595 0.0457516 0.145946
11 0.501634 0.65 0.129085 0.359459
5 0.694036 0.491892 0.00245098 0.194595
9 0.4375 0.486486 0.00735294 0.0216216
5 0.412582 0.493243 0.00163399 0.154054
18 0.698938 0.439189 0.0106209 0.072973
