19 0.330882 0.582432 0.0212418 0.0405405
8 0.159722 0.778378 0.319444 0.237838

6 0.410539 0.77027 0.0890523 0.194595


7 0.393791 0.641892 0.150327 0.0621622
7 0.277778 0.768919 0.341503 0.197297
8 0.758987 0.786486 0.361111 0.248649
19 0.675654 0.601351 0.0261438 0.0783784
8 0.35866 0.598649 0.116013 0.0459459
19 0.364788 0.566216 0.0155229 0.0297297
19 0.386029 0.556757 0.0122549 0.027027
6 0.457516 0.641892 0.0326797 0.0621622
8 0.288399 0.645946 0.19281 0.0810811
10 0.57067 0.452703 0.0645425 0.186486
19 0.566993 0.537838 0.0196078 0.0324324
19 0.376225 0.560811 0.0138889 0.0297297
6 0.473448 0.597297 0.0187908 0.027027
10 0.670343 0.464865 0.0890523 0.254054
12 0.596814 0.55 0.0400327 0.0189189
7 0.623366 0.624324 0.0326797 0.0108108
7 0.511846 0.598649 0.0857843 0.0297297
7 0.431373 0.598649 0.0947712 0.0297297
10 0.770016 0.448649 0.172386 0.383784
8 0.590686 0.601351 0.0964052 0.0459459
8 0.631536 0.647297 0.155229 0.0837838
12 0.685866 0.602703 0.0645425 0.0378378
12 0.874592 0.598649 0.0678105 0.0351351
12 0.623775 0.57973 0.0155229 0.0351351
12 0.811275 0.6 0.0669935 0.0378378
12 0.635621 0.589189 0.0179739 0.0378378
12 0.650327 0.598649 0.0228758 0.0459459
12 0.613971 0.572973 0.0138889 0.0324324
12 0.748775 0.601351 0.0661765 0.0351351
10 0.900735 0.405405 0.198529 0.810811
12 0.598448 0.562162 0.0106209 0.027027
12 0.58701 0.554054 0.00898693 0.0216216
2 0.406454 0.494595 0.00735294 0.118919
2 0.384395 0.493243 0.0106209 0.143243
2 0.399918 0.493243 0.00898693 0.127027
12 0.59232 0.558108 0.00980392 0.0243243
2 0.351307 0.493243 0.0163399 0.186486
2 0.363971 0.493243 0.0138889 0.17027
12 0.605392 0.567568 0.0114379 0.027027
2 0.375408 0.491892 0.0122549 0.156757
10 0.828023 0.551351 0.0580065 0.172973
2 0.316585 0.490541 0.0236928 0.22973

2 0.0800654 0.47973 0.111111 0.548649
10 0.871732 0.551351 0.0604575 0.172973
10 0.892974 0.551351 0.0620915 0.172973
10 0.785131 0.551351 0.0555556 0.172973
10 0.914624 0.551351 0.0629085 0.172973
17 0.441176 0.544595 0.00816993 0.0297297
2 0.262663 0.487838 0.0383987 0.3
10 0.973039 0.552703 0.0539216 0.175676
2 0.0167484 0.471622 0.0334967 0.754054
17 0.44567 0.541892 0.00735294 0.0297297
10 0.609069 0.524324 0.0220588 0.0864865
2 0.292892 0.489189 0.0302288 0.259459
2 0.165441 0.483784 0.0727124 0.427027
10 0.935866 0.552703 0.0645425 0.175676
10 0.598448 0.524324 0.0220588 0.0864865
2 0.221814 0.486486 0.0514706 0.351351
2 0.335784 0.491892 0.0196078 0.205405
10 0.591912 0.525676 0.0187908 0.0891892
10 0.590686 0.524324 0.0179739 0.0864865
10 0.678105 0.551351 0.0490196 0.172973
10 0.593954 0.527027 0.0196078 0.0918919
10 0.742647 0.551351 0.0522876 0.172973
10 0.763889 0.551351 0.0539216 0.172973
10 0.720997 0.551351 0.0514706 0.172973
10 0.699755 0.551351 0.0498366 0.172973
10 0.595997 0.527027 0.0204248 0.0918919
10 0.597631 0.527027 0.0204248 0.0972973
10 0.650327 0.544595 0.0359477 0.154054
10 0.661765 0.548649 0.0392157 0.167568
10 0.631944 0.539189 0.0302288 0.132432
10 0.621324 0.535135 0.0269608 0.124324
10 0.667892 0.551351 0.0416667 0.172973
20 0.917075 0.727027 0.0678105 0.216216
10 0.604575 0.52973 0.0228758 0.102703
10 0.645425 0.541892 0.0343137 0.148649
5 0.571895 0.395946 0.218954 0.791892
10 0.607026 0.531081 0.0228758 0.105405
10 0.615196 0.533784 0.0245098 0.116216
10 0.640523 0.541892 0.0326797 0.143243
10 0.600082 0.528378 0.0204248 0.1
10 0.628268 0.537838 0.0294118 0.12973
10 0.636438 0.539189 0.0310458 0.137838
10 0.612337 0.532432 0.0236928 0.113514
10 0.602124 0.528378 0.0212418 0.1
10 0.625 0.536486 0.0277778 0.127027
10 0.655637 0.547297 0.0367647 0.159459
10 0.618464 0.535135 0.0261438 0.118919
10 0.609886 0.531081 0.0236928 0.110811
18 0.543301 0.458108 0.00490196 0.0513514
11 0.510212 0.548649 0.0433007 0.118919
5 0.543301 0.494595 0.00163399 0.135135
11 0.509804 0.551351 0.0245098 0.0810811
