6 0.591095 0.672973 0.0482026 0.0810811
6 0.628676 0.586486 0.0155229 0.0216216
7 0.663399 0.62027 0.107843 0.0459459
7 0.663807 0.589189 0.0776144 0.027027
6 0.636438 0.568919 0.0114379 0.0135135
7 0.663807 0.686486 0.177288 0.108108
6 0.616422 0.614865 0.0253268 0.0351351
7 0.664216 0.571622 0.0604575 0.0189189
8 0.739379 0.597297 0.0915033 0.0432432
7 0.569853 0.612162 0.110294 0.0405405
7 0.608252 0.567568 0.0612745 0.0162162
8 0.413807 0.658108 0.203431 0.1
7 0.520016 0.667568 0.178922 0.0918919
8 0.493056 0.608108 0.123366 0.0540541
7 0.593954 0.585135 0.0800654 0.0243243
8 0.769199 0.633784 0.136438 0.072973
8 0.534314 0.582432 0.0866013 0.0351351
8 0.84232 0.716216 0.253268 0.162162
10 0.496732 0.574324 0.0245098 0.0189189
10 0.451389 0.595946 0.0318627 0.0189189
10 0.351716 0.158108 0.121732 0.316216

10 0.513072 0.574324 0.0179739 0.0189189
10 0.461601 0.606757 0.0130719 0.0297297
10 0.506536 0.571622 0.0228758 0.0189189
10 0.50817 0.578378 0.0261438 0.0216216
10 0.48366 0.586486 0.0294118 0.0216216
10 0.468954 0.591892 0.0310458 0.0216216
10 0.460784 0.594595 0.0212418 0.027027
10 0.492647 0.582432 0.0163399 0.0243243
10 0.480801 0.586486 0.0220588 0.0216216
10 0.501225 0.577027 0.0269608 0.0189189
10 0.50817 0.574324 0.0245098 0.0189189
10 0.47018 0.591892 0.0171569 0.027027
8 0.722631 0.577027 0.0694444 0.0297297
10 0.387663 0.602703 0.0236928 0.027027

10 0.444853 0.598649 0.0269608 0.0243243
10 0.41299 0.594595 0.0318627 0.0216216
10 0.485703 0.585135 0.0106209 0.0189189
10 0.495098 0.575676 0.0261438 0.0162162
10 0.501634 0.577027 0.0245098 0.0189189
10 0.434232 0.371622 0.121732 0.267568
10 0.479167 0.586486 0.0285948 0.0216216
10 0.455882 0.583784 0.0114379 0.0216216
10 0.451389 0.589189 0.0302288 0.0216216
10 0.458333 0.591892 0.0196078 0.027027
10 0.536765 0.345946 0.0816993 0.448649
10 0.482026 0.578378 0.00816993 0.0216216
10 0.401552 0.609459 0.0302288 0.0459459
10 0.486928 0.578378 0.0130719 0.0216216
8 0.559641 0.566216 0.0669935 0.0243243
10 0.42933 0.394595 0.110294 0.308108
10 0.481209 0.585135 0.0277778 0.0189189
10 0.420752 0.593243 0.0310458 0.0243243
10 0.497958 0.585135 0.0285948 0.0189189
10 0.341503 0.571622 0.0375817 0.0405405
10 0.267565 0.537838 0.0334967 0.0324324
10 0.349265 0.594595 0.0400327 0.0432432
10 0.301879 0.531081 0.0351307 0.0351351
10 0.371732 0.582432 0.0179739 0.0459459
10 0.366422 0.577027 0.0220588 0.0351351
10 0.348448 0.586486 0.0285948 0.0432432
10 0.283905 0.532432 0.0449346 0.0324324
10 0.366013 0.602703 0.0392157 0.0432432
10 0.390523 0.586486 0.0294118 0.0324324
10 0.372958 0.578378 0.0318627 0.0378378
10 0.298203 0.524324 0.0408497 0.0432432
10 0.406454 0.571622 0.0285948 0.0297297
10 0.421977 0.587838 0.0285948 0.0351351
10 0.397059 0.568919 0.0326797 0.0351351
10 0.341912 0.552703 0.0269608 0.0351351
10 0.361111 0.554054 0.0326797 0.0378378
10 0.357435 0.564865 0.0253268 0.0324324
10 0.356618 0.543243 0.0155229 0.0324324
10 0.329248 0.535135 0.0326797 0.0378378
10 0.363154 0.558108 0.0302288 0.0351351
10 0.301879 0.528378 0.0269608 0.0351351
10 0.395833 0.577027 0.0155229 0.0351351
10 0.327206 0.52973 0.0400327 0.0378378
10 0.339052 0.543243 0.0261438 0.0432432
10 0.525327 0.563514 0.0196078 0.0135135
10 0.543709 0.563514 0.0204248 0.0135135
10 0.425245 0.598649 0.00898693 0.0189189
10 0.435458 0.602703 0.0277778 0.0324324
10 0.545343 0.562162 0.0106209 0.0162162
10 0.430964 0.6 0.0285948 0.0324324
10 0.438725 0.598649 0.0130719 0.0189189
10 0.409314 0.589189 0.00980392 0.0324324
10 0.472631 0.589189 0.0155229 0.0162162
10 0.430964 0.601351 0.0187908 0.0243243
10 0.471405 0.593243 0.0114379 0.0189189
10 0.425245 0.593243 0.0122549 0.0351351
10 0.428105 0.598649 0.0196078 0.0189189
10 0.428922 0.6 0.0212418 0.0216216
10 0.560866 0.552703 0.0187908 0.0135135
10 0.546977 0.555405 0.0138889 0.0135135
10 0.547386 0.554054 0.0179739 0.0108108
10 0.53799 0.555405 0.0187908 0.0135135
10 0.552288 0.555405 0.0196078 0.0135135
10 0.54902 0.558108 0.0179739 0.0135135
10 0.55433 0.558108 0.0187908 0.0135135
10 0.540441 0.558108 0.00735294 0.0135135
10 0.562908 0.552703 0.0179739 0.0135135
10 0.482435 0.567568 0.0187908 0.0162162
10 0.553922 0.552703 0.0179739 0.0135135
10 0.477124 0.568919 0.0196078 0.0135135
10 0.571487 0.548649 0.0171569 0.0108108
10 0.530229 0.562162 0.0147059 0.0108108
10 0.511029 0.562162 0.00898693 0.0162162
10 0.502859 0.563514 0.0187908 0.0135135
10 0.540441 0.559459 0.0187908 0.0108108
10 0.536765 0.559459 0.0114379 0.0162162
10 0.557598 0.551351 0.0155229 0.0108108
10 0.549837 0.552703 0.0179739 0.0135135
10 0.549428 0.556757 0.0155229 0.0162162
10 0.502859 0.567568 0.0155229 0.0162162
10 0.502042 0.566216 0.0204248 0.0135135
10 0.559232 0.55 0.0106209 0.0135135
10 0.559232 0.55 0.00735294 0.0135135
10 0.528186 0.556757 0.0122549 0.0108108
10 0.497958 0.568919 0.0138889 0.0135135
10 0.545752 0.552703 0.0179739 0.0135135
10 0.519199 0.558108 0.0187908 0.0135135
10 0.504902 0.57027 0.0163399 0.0162162
10 0.564542 0.551351 0.0163399 0.0108108
10 0.522467 0.556757 0.00898693 0.0108108
10 0.492239 0.564865 0.0122549 0.0162162
10 0.54902 0.555405 0.0114379 0.0135135
10 0.483252 0.567568 0.0138889 0.0162162
10 0.541667 0.556757 0.0163399 0.0108108
10 0.524101 0.559459 0.0171569 0.0108108
10 0.486111 0.566216 0.0196078 0.0135135
10 0.52982 0.558108 0.0171569 0.0135135
10 0.519608 0.566216 0.00816993 0.0135135
10 0.532271 0.554054 0.0155229 0.0108108
10 0.52451 0.558108 0.0163399 0.0135135
10 0.505719 0.562162 0.0163399 0.0108108
10 0.492647 0.566216 0.0179739 0.0135135
10 0.51348 0.564865 0.00898693 0.0162162
10 0.547386 0.551351 0.0147059 0.0108108
10 0.544526 0.556757 0.0122549 0.0108108
10 0.527778 0.558108 0.0130719 0.0135135
10 0.511029 0.563514 0.0171569 0.0135135
10 0.524918 0.560811 0.00898693 0.0135135
10 0.527778 0.560811 0.0179739 0.0135135
10 0.553922 0.554054 0.0163399 0.0108108
10 0.569036 0.548649 0.0106209 0.0108108
10 0.564951 0.548649 0.0155229 0.0108108
10 0.541258 0.548649 0.0106209 0.0108108
10 0.53799 0.551351 0.0138889 0.0108108
10 0.551062 0.548649 0.0155229 0.0108108
10 0.552288 0.551351 0.0114379 0.0108108
10 0.562908 0.545946 0.0147059 0.0108108
10 0.552288 0.548649 0.0147059 0.0108108
10 0.57884 0.547297 0.0138889 0.00810811
10 0.543301 0.551351 0.0114379 0.0108108
10 0.724265 0.555405 0.0106209 0.0135135
10 0.536765 0.548649 0.0147059 0.0108108
10 0.738154 0.554054 0.0171569 0.0108108
10 0.730801 0.555405 0.0155229 0.0135135
10 0.531046 0.548649 0.0130719 0.0108108
10 0.540033 0.551351 0.0147059 0.0108108
10 0.53268 0.548649 0.0147059 0.0108108
10 0.717729 0.554054 0.0171569 0.0108108
10 0.525735 0.551351 0.0138889 0.0108108
10 0.538807 0.551351 0.0155229 0.0108108
10 0.751225 0.563514 0.0204248 0.013513510 0.696487 0.556757 0.0187908 0.0108108
10 0.70915 0.560811 0.00816993 0.0135135
10 0.71201 0.558108 0.0187908 0.0135135
10 0.696487 0.554054 0.0138889 0.0108108
10 0.707516 0.560811 0.0196078 0.0135135
10 0.749183 0.560811 0.0163399 0.0135135
10 0.709967 0.556757 0.0147059 0.0108108
10 0.749183 0.560811 0.0147059 0.0135135
10 0.716095 0.558108 0.0155229 0.0135135
10 0.711193 0.558108 0.0187908 0.0135135
10 0.709967 0.554054 0.0163399 0.0108108
10 0.728758 0.556757 0.0163399 0.0108108
10 0.72018 0.558108 0.00735294 0.0135135
10 0.726716 0.567568 0.0204248 0.0162162
10 0.730392 0.566216 0.0196078 0.0135135
10 0.746732 0.566216 0.00816993 0.0135135
10 0.732435 0.562162 0.0106209 0.0162162
10 0.743056 0.568919 0.0220588 0.0135135
10 0.716095 0.568919 0.0220588 0.0135135
10 0.746324 0.566216 0.0220588 0.0135135
10 0.71732 0.566216 0.0196078 0.0135135
10 0.704248 0.560811 0.0147059 0.0135135
10 0.743464 0.566216 0.0179739 0.0135135
10 0.726716 0.563514 0.0204248 0.0135135
10 0.712418 0.563514 0.0212418 0.0135135
10 0.718546 0.560811 0.0171569 0.0135135
10 0.708742 0.559459 0.0187908 0.0108108
10 0.697712 0.558108 0.0147059 0.0135135
10 0.723448 0.574324 0.0236928 0.0135135
10 0.737745 0.575676 0.0179739 0.0162162
10 0.759804 0.578378 0.0261438 0.0162162
10 0.706699 0.57027 0.0147059 0.0162162
10 0.743464 0.577027 0.0245098 0.0135135
10 0.73366 0.574324 0.0245098 0.0135135
10 0.754902 0.572973 0.0147059 0.0162162
10 0.756944 0.574324 0.0220588 0.0135135
10 0.754085 0.578378 0.0114379 0.0162162
10 0.736111 0.572973 0.0163399 0.0162162
10 0.767157 0.581081 0.0277778 0.0162162
10 0.74183 0.578378 0.0261438 0.0162162
10 0.727941 0.57027 0.0196078 0.0162162
10 0.705474 0.566216 0.0204248 0.0135135
10 0.710376 0.567568 0.0106209 0.0162162
10 0.770833 0.57973 0.0204248 0.0189189
10 0.736111 0.577027 0.0179739 0.0189189
10 0.790441 0.589189 0.0302288 0.0216216
10 0.766748 0.594595 0.0122549 0.0216216
10 0.718954 0.587838 0.0277778 0.0189189
10 0.768382 0.587838 0.0155229 0.0189189
10 0.759395 0.595946 0.0122549 0.0243243
10 0.769199 0.590541 0.0220588 0.0189189
10 0.73652 0.594595 0.0318627 0.0216216
10 0.774101 0.582432 0.0269608 0.0189189
10 0.741013 0.597297 0.0310458 0.0216216
10 0.723856 0.591892 0.0310458 0.0216216
10 0.770016 0.591892 0.0318627 0.0216216
10 0.77165 0.582432 0.0285948 0.0189189
10 0.747958 0.583784 0.0236928 0.0162162
10 0.734069 0.587838 0.0269608 0.0189189
10 0.745915 0.593243 0.0310458 0.0243243
10 0.763889 0.589189 0.0277778 0.0216216
10 0.789216 0.594595 0.0294118 0.0216216
10 0.729575 0.591892 0.00980392 0.0216216
10 0.745507 0.589189 0.0155229 0.0216216
10 0.758578 0.6 0.0302288 0.0216216
10 0.76634 0.578378 0.0261438 0.0162162
10 0.776552 0.604054 0.0285948 0.0243243
10 0.765931 0.604054 0.0302288 0.0243243
10 0.72018 0.595946 0.0318627 0.0243243

10 0.743873 0.604054 0.0122549 0.0243243
10 0.749183 0.628378 0.0212418 0.0351351
10 0.785948 0.616216 0.0408497 0.027027
10 0.80719 0.636486 0.0261438 0.0351351

10 0.815359 0.627027 0.0424837 0.0324324
10 0.811683 0.647297 0.0514706 0.0405405
10 0.821487 0.62973 0.0318627 0.0324324
10 0.770016 0.656757 0.0482026 0.0378378
10 0.879085 0.666216 0.0588235 0.0459459
10 0.779003 0.675676 0.0612745 0.0432432
10 0.789624 0.690541 0.0661765 0.0513514
10 0.798203 0.717568 0.0784314 0.0567568
10 0.874592 0.693243 0.0710784 0.0459459
10 0.799428 0.687838 0.0351307 0.0567568
10 0.854167 0.710811 0.0792484 0.0594595
10 0.786765 0.685135 0.0228758 0.0567568
10 0.854167 0.659459 0.0383987 0.0432432
10 0.929739 0.922973 0.140523 0.154054
10 0.777778 0.678378 0.0457516 0.0486486
10 0.802288 0.731081 0.0588235 0.0675676
10 0.997549 0.782432 0.00490196 0.0945946
10 0.862745 0.713514 0.0800654 0.0540541
10 0.851307 0.685135 0.0686275 0.0513514
10 0.974673 0.774324 0.0506536 0.0945946
10 0.766748 0.643243 0.0498366 0.0324324
10 0.988971 0.914865 0.0220588 0.148649
9 0.525327 0.477027 0.0130719 0.0459459
10 0.816993 0.714865 0.0784314 0.0675676
10 0.875817 0.677027 0.0392157 0.0459459
10 0.895016 0.751351 0.0645425 0.0756757
5 0.575163 0.521622 0.00163399 0.0972973
10 0.845997 0.660811 0.0367647 0.0459459
11 0.662173 0.556757 0.102124 0.12973
1
5 0.524918 0.531081 0.00245098 0.154054
11 0.66299 0.539189 0.0285948 0.0567568
9 0.707516 0.482432 0.0130719 0.0405405
5 0.685866 0.314865 0.0988562 0.62973
9 0.575572 0.485135 0.00898693 0.0297297
