6 0.199755 0.902703 0.39951 0.194595
14
19 0.64951 0.510811 0.0326797 0.118919
6 0.450163 0.631081 0.0294118 0.0513514
6 0.464461 0.591892 0.0171569 0.027027
19 0.668709 0.508108 0.0302288 0.102703
2 0.572712 0.537838 0.00326797 0.0432432
19 0.614379 0.585135 0.0326797 0.0243243
19 0.663807 0.618919 0.0563725 0.0378378
2 0.57884 0.540541 0.00408497 0.0486486
6 0.411356 0.72973 0.0727124 0.145946
2 0.569444 0.536486 0.00326797 0.0405405
19 0.75817 0.687838 0.120915 0.0837838
2 0.575163 0.539189 0.00326797 0.0459459
2 0.569444 0.533784 0.00326797 0.0405405
10 0.730392 0.612162 0.0898693 0.159459
10 0.610294 0.559459 0.0375817 0.0756757
10 0.608252 0.556757 0.0383987 0.0648649
10 0.609069 0.556757 0.0351307 0.0594595
8 0.702206 0.739189 0.285131 0.186486
10 0.719363 0.609459 0.0857843 0.154054
10 0.650327 0.571622 0.0522876 0.0783784
10 0.786765 0.636486 0.117647 0.17027
10 0.745098 0.622973 0.0800654 0.137838
8 0.609069 0.633784 0.138072 0.072973
8 0.292892 0.633784 0.175654 0.072973
7 0.29902 0.731081 0.284314 0.148649
10 0.614788 0.560811 0.0416667 0.0783784
10 0.770016 0.62973 0.0857843 0.167568
8 0.161765 0.739189 0.323529 0.186486
8 0.575163 0.593243 0.0898693 0.0405405
10 0.666667 0.581081 0.0604575 0.0972973
10 0.72549 0.610811 0.0751634 0.145946
7 0.500817 0.591892 0.0800654 0.027027
10 0.671569 0.57973 0.0522876 0.105405
10 0.655637 0.577027 0.0514706 0.110811
7 0.39134 0.631081 0.138889 0.0513514
10 0.649918 0.572973 0.0514706 0.0972973
10 0.649918 0.575676 0.0563725 0.108108
10 0.750817 0.628378 0.0947712 0.164865
7 0.503268 0.731081 0.232026 0.148649
8 0.355392 0.593243 0.109477 0.0405405
7 0.501225 0.631081 0.120098 0.0513514
10 0.66299 0.581081 0.0514706 0.108108
12 0.60335 0.537838 0.0367647 0.0702703
12 0.67402 0.537838 0.0375817 0.0702703
10 0.623366 0.564865 0.0441176 0.0702703
12 0.638889 0.537838 0.0375817 0.0702703
12 0.708742 0.537838 0.0383987 0.0702703
10 0.617647 0.562162 0.0424837 0.0702703
2 0.396242 0.494595 0.00816993 0.118919
10 0.61969 0.566216 0.0416667 0.0837838
2 0.340686 0.491892 0.0163399 0.183784
5 0.52165 0.377027 0.0596405 0.402703
11 0.499592 0.559459 0.0285948 0.0918919
2 0.389706 0.493243 0.00816993 0.127027
2 0.364788 0.491892 0.0122549 0.156757
4 0.823938 0.633784 0.0433007 0.440541
2 0.374592 0.493243 0.0106209 0.143243
5 0.395425 0.525676 0.00163399 0.127027
11 0.499592 0.52027 0.0465686 0.143243
2 0.154412 0.483784 0.0718954 0.421622
17 0.431373 0.541892 0.00816993 0.0297297
18 0.533905 0.458108 0.00408497 0.0513514
2 0.382761 0.491892 0.00898693 0.135135
2 0.0698529 0.47973 0.110294 0.537838
2 0.211193 0.485135 0.0514706 0.348649
2 0.251634 0.487838 0.0375817 0.294595
2 0.325163 0.491892 0.0196078 0.205405
2 0.353758 0.491892 0.0147059 0.167568
2 0.282271 0.489189 0.0302288 0.259459
5 0.533497 0.494595 0.00163399 0.12973
17 0.435866 0.537838 0.00735294 0.027027
9 0.395425 0.478378 0.0114379 0.0378378
11 0.499592 0.582432 0.0727124 0.202703
2 0.305964 0.490541 0.0236928 0.22973
