7 0.65768 0.682432 0.0490196 0.0189189
7 0.199755 0.682432 0.0596405 0.0189189
7 0.729984 0.791892 0.0629085 0.027027
10 0.0996732 0.559459 0.0245098 0.0540541
19 0.0992647 0.591892 0.0204248 0.0378378
7 0.319444 0.622973 0.287582 0.0513514
8 0.186275 0.766216 0.372549 0.321622
7 0.577206 0.622973 0.267157 0.0513514
8 0.0992647 0.581081 0.169118 0.0216216
7 0.503268 0.763514 0.294118 0.235135
8 0.30719 0.585135 0.328431 0.0297297
12 0.709967 0.621622 0.119281 0.0594595
7 0.252451 0.763514 0.383987 0.235135
7 0.54902 0.590541 0.171569 0.0135135
7 0.379902 0.590541 0.176471 0.0135135
2 0.777778 0.493243 0.0408497 0.154054
2 0.661356 0.493243 0.0400327 0.154054
19 0.617239 0.589189 0.0482026 0.0756757
2 0.738971 0.493243 0.0400327 0.154054
2 0.816993 0.493243 0.0408497 0.154054
2 0.700163 0.493243 0.0408497 0.154054
10 0.919118 0.643243 0.160131 0.481081
2 0.0379902 0.493243 0.0416667 0.154054
2 0.38848 0.493243 0.0400327 0.154054
17 0.417484 0.563514 0.0555556 0.0405405
10 0.786765 0.595946 0.0931373 0.321622
2 0.116013 0.493243 0.0408497 0.154054
2 0.310866 0.493243 0.0400327 0.154054
10 0.938725 0.663514 0.122549 0.548649
2 0.50531 0.493243 0.0400327 0.154054
2 0.349265 0.493243 0.0400327 0.154054
17 0.629493 0.563514 0.0563725 0.0405405
17 0.524101 0.563514 0.0547386 0.0405405
2 0.466503 0.493243 0.0392157 0.154054
2 0.193627 0.493243 0.0408497 0.154054
17 0.364788 0.563514 0.0563725 0.0405405
10 0.840686 0.614865 0.117647 0.386486
10 0.875817 0.627027 0.135621 0.427027
17 0.576797 0.563514 0.0555556 0.0405405
2 0.427696 0.493243 0.0400327 0.154054
2 0.232843 0.493243 0.0408497 0.154054

2 0.00980392 0.493243 0.0196078 0.154054
2 0.155229 0.493243 0.0408497 0.154054
2 0.544526 0.493243 0.0400327 0.154054
2 0.27165 0.493243 0.0400327 0.154054
17 0.470588 0.563514 0.0555556 0.0405405
10 0.811683 0.602703 0.103758 0.351351
5 0.581291 0.490541 0.00408497 0.354054
12 0.767974 0.691892 0.0686275 0.102703
18 0.582516 0.389189 0.0114379 0.140541
12 0.696487 0.641892 0.0400327 0.0675676
10 0.694036 0.563514 0.0547386 0.213514
10 0.697712 0.559459 0.0571895 0.2
10 0.705065 0.567568 0.0588235 0.227027
12 0.974265 0.885135 0.0514706 0.22973
5 0.176879 0.493243 0.00408497 0.22973
10 0.731618 0.575676 0.0694444 0.259459
10 0.765523 0.587838 0.0833333 0.3
10 0.71732 0.571622 0.0637255 0.240541
12 0.827206 0.736486 0.0988562 0.137838
10 0.747549 0.581081 0.0751634 0.275676
12 0.726716 0.663514 0.0514706 0.0837838
5 0.430964 0.364865 0.0155229 0.443243
12 0.921569 0.806757 0.156863 0.197297
18 0.171569 0.428378 0.0130719 0.0891892
18 0.656046 0.448649 0.00816993 0.0648649
5 0.652369 0.494595 0.00245098 0.167568
