19 0.335376 0.577027 0.0187908 0.0351351
19 0.35049 0.568919 0.0163399 0.0297297
3 0.605801 0.624324 0.110294 0.0432432
7 0.27451 0.758108 0.326797 0.181081
19 0.579657 0.559459 0.0187908 0.0108108
7 0.600899 0.612162 0.0285948 0.00810811
7 0.384804 0.639189 0.148693 0.0567568
6 0.401961 0.756757 0.0849673 0.178378
7 0.504493 0.758108 0.262255 0.181081
6 0.447304 0.639189 0.0318627 0.0567568
10 0.580474 0.539189 0.0220588 0.0459459
10 0.61683 0.555405 0.0408497 0.0675676
10 0.61969 0.558108 0.0302288 0.0675676
10 0.631536 0.564865 0.0375817 0.0756757
12 0.943219 0.544595 0.0416667 0.0783784
8 0.349673 0.598649 0.114379 0.0459459
10 0.617239 0.556757 0.0383987 0.0756757
8 0.547386 0.560811 0.0539216 0.0189189
8 0.406863 0.560811 0.0620915 0.0189189

8 0.385212 0.575676 0.0808824 0.027027
10 0.623366 0.560811 0.0441176 0.072973
8 0.727533 0.767568 0.327614 0.221622
10 0.613154 0.555405 0.0367647 0.0675676
8 0.615605 0.643243 0.147876 0.0810811
12 0.574755 0.528378 0.0285948 0.0513514
12 0.601716 0.528378 0.0285948 0.0513514
10 0.580474 0.539189 0.0269608 0.0459459
2 0.344771 0.493243 0.0163399 0.181081
2 0.357435 0.493243 0.0138889 0.164865
2 0.330065 0.491892 0.0179739 0.2
10 0.582516 0.539189 0.0277778 0.0513514
2 0.377042 0.494595 0.0106209 0.140541
2 0.367647 0.493243 0.0114379 0.154054
2 0.392157 0.494595 0.00816993 0.124324
10 0.583333 0.540541 0.0277778 0.0486486
2 0.385212 0.494595 0.00898693 0.135135
2 0.312092 0.491892 0.0228758 0.221622
5 0.256127 0.563514 0.00408497 0.3
12 0.652369 0.559459 0.0580065 0.108108
12 0.817402 0.559459 0.0612745 0.108108
11 0.499183 0.571622 0.0343137 0.110811
2 0.224265 0.487838 0.0465686 0.332432
9 0.256536 0.455405 0.0277778 0.0891892
2 0.290033 0.490541 0.0277778 0.251351
12 0.872141 0.559459 0.0629085 0.108108
2 0.0976307 0.482432 0.0972222 0.5
12 0.762255 0.559459 0.0604575 0.108108
5 0.545752 0.389189 0.20915 0.778378
11 0.180147 0.744595 0.345588 0.510811
12 0.927288 0.559459 0.0637255 0.108108
2 0.0285948 0.477027 0.0571895 0.672973
2 0.172794 0.486486 0.0645425 0.4
12 0.707108 0.559459 0.0596405 0.108108
2 0.261438 0.489189 0.0359477 0.286486
11 0.499183 0.604054 0.0898693 0.251351
