19 0.406046 0.541892 0.00816993 0.0189189
19 0.778186 0.694595 0.128268 0.178378
2 0.395833 0.493243 0.00735294 0.121622
7 0.675654 0.783784 0.648693 0.243243
10 0.806781 0.4 0.386438 0.8
7 0.249183 0.777027 0.380719 0.22973
3 0.555147 0.574324 0.0433007 0.0135135
1 0.810458 0.332432 0.369281 0.508108
7 0.58701 0.632432 0.294935 0.0594595
7 0.448121 0.563514 0.0596405 0.0135135
18 0.93219 0.158108 0.111111 0.316216
2 0.142565 0.483784 0.0776144 0.443243
2 0.277778 0.489189 0.0310458 0.264865
18 0.761846 0.418919 0.0138889 0.0972973
2 0.373366 0.491892 0.0114379 0.145946
17 0.336601 0.608108 0.0375817 0.0864865
17 0.361111 0.591892 0.0277778 0.0702703
2 0.322304 0.490541 0.0204248 0.208108
5 0.75531 0.490541 0.00408497 0.256757
17 0.144608 0.748649 0.153595 0.237838

2 0.338644 0.491892 0.0171569 0.189189
17 0.245915 0.672973 0.0833333 0.151351
2 0.363562 0.493243 0.0130719 0.159459
2 0.352124 0.491892 0.0147059 0.172973
17 0.378676 0.578378 0.0220588 0.0594595
2 0.245915 0.487838 0.0408497 0.305405
2 0.203023 0.486486 0.0547386 0.362162
5 0.510621 0.398649 0.0490196 0.332432
2 0.388889 0.493243 0.00816993 0.127027
17 0.301062 0.633784 0.0531046 0.110811
18 0.390114 0.439189 0.00735294 0.072973
11 0.499592 0.586486 0.0416667 0.135135
5 0.389297 0.493243 0.00245098 0.191892
9 0.424837 0.483784 0.00816993 0.027027
11 0.499183 0.631081 0.114379 0.321622
