19 0.754493 0.574324 0.0171569 0.0297297
2 0.725899 0.497297 0.0204248 0.194595
8 0.737337 0.613514 0.136438 0.0540541
2 0.780229 0.5 0.0130719 0.151351
2 0.756536 0.498649 0.0163399 0.17027
19 0.781863 0.567568 0.0147059 0.027027
19 0.802288 0.560811 0.0130719 0.0243243
2 0.707516 0.497297 0.0228758 0.210811
8 0.663807 0.647297 0.187092 0.0837838
6 0.883578 0.633784 0.0383987 0.0351351
19 0.792484 0.563514 0.0130719 0.0243243
2 0.799837 0.501351 0.0114379 0.137838
2 0.769199 0.5 0.0138889 0.162162
7 0.859069 0.601351 0.10866 0.0297297
7 0.935866 0.645946 0.128268 0.0594595
19 0.769199 0.57027 0.0155229 0.027027
7 0.827206 0.625676 0.14134 0.0459459
2 0.790441 0.501351 0.0122549 0.143243
8 0.78268 0.594595 0.106209 0.0378378
6 0.905229 0.605405 0.0261438 0.0216216
7 0.772467 0.671622 0.198529 0.0837838
7 0.910948 0.710811 0.178105 0.124324
2 0.74183 0.498649 0.0179739 0.181081
11 0.955882 0.564865 0.0359477 0.0864865
5 0.463644 0.486486 0.00898693 0.551351
11 0.951797 0.560811 0.0588235 0.127027
2 0.493056 0.487838 0.0678105 0.381081
2 0.660131 0.495946 0.0310458 0.245946
2 0.32067 0.478378 0.120098 0.52973
18 0.474265 0.333784 0.0269608 0.213514
2 0.419935 0.483784 0.0882353 0.443243
2 0.549428 0.489189 0.0531046 0.335135
2 0.685458 0.495946 0.0261438 0.224324
17 0.38848 0.752703 0.18219 0.224324
2 0.178513 0.472973 0.175654 0.654054
2 0.63031 0.494595 0.0367647 0.27027
2 0.593954 0.491892 0.0441176 0.297297
