3 0.575572 0.590541 0.0759804 0.0243243
3 0.6875 0.75 0.177288 0.1
2 0.395833 0.494595 0.00735294 0.118919
2 0.381944 0.494595 0.00898693 0.135135
7 0.45098 0.562162 0.0555556 0.0108108
10 0.594771 0.545946 0.0245098 0.0540541
2 0.373775 0.494595 0.0106209 0.145946
10 0.56781 0.532432 0.0228758 0.0378378
2 0.389297 0.495946 0.00898693 0.127027
10 0.56781 0.532432 0.0179739 0.0378378
10 0.566993 0.532432 0.0228758 0.0324324
10 0.590278 0.544595 0.0285948 0.0513514
12 0.582516 0.532432 0.0310458 0.0594595
8 0.267974 0.651351 0.204248 0.0864865
6 0.444444 0.647297 0.0343137 0.0621622
10 0.569853 0.533784 0.0236928 0.0405405
7 0.25531 0.65 0.0334967 0.00810811
10 0.569444 0.532432 0.0228758 0.0432432
2 0.363971 0.494595 0.0122549 0.156757
10 0.601716 0.55 0.0302288 0.0567568

12 0.612337 0.532432 0.0318627 0.0594595
2 0.323529 0.491892 0.0196078 0.205405
2 0.352941 0.493243 0.0147059 0.17027
2 0.30433 0.491892 0.0236928 0.232432
2 0.339461 0.493243 0.0171569 0.186486
2 0.27982 0.490541 0.0302288 0.262162
2 0.148284 0.485135 0.0743464 0.435135
12 0.781046 0.545946 0.0457516 0.0810811
12 0.822304 0.545946 0.0465686 0.0810811
2 0.248366 0.489189 0.0392157 0.302703
2 0.207108 0.487838 0.0531046 0.354054
5 0.343546 0.539189 0.00245098 0.191892
12 0.697712 0.544595 0.0441176 0.0783784
18 0.0220588 0.243243 0.0441176 0.32973
11 0.499183 0.574324 0.0359477 0.116216
12 0.614788 0.544595 0.0433007 0.0783784
11 0.499592 0.610811 0.0955882 0.264865
11 0.354575 0.605405 0.120915 0.221622
9 0.343954 0.471622 0.0179739 0.0567568
12 0.739379 0.545946 0.0457516 0.0810811
12 0.656046 0.544595 0.0441176 0.0783784
