10 0.0723039 0.414865 0.144608 0.683784
7 0.501225 0.668919 0.162582 0.1
5
8 0.281863 0.654054 0.367647 0.167568
10 0.525735 0.393243 0.105392 0.256757
7 0.482435 0.587838 0.129902 0.0189189
7 0.356209 0.668919 0.199346 0.1
6 0.335784 0.858108 0.184641 0.283784
7 0.591503 0.590541 0.101307 0.0135135
10 0.582108 0.355405 0.103758 0.272973
10 0.631127 0.37973 0.102124 0.262162
7 0.508987 0.608108 0.106209 0.0216216
10 0.618056 0.37027 0.0955882 0.264865
10 0.321895 0.543243 0.171569 0.362162
10 0.387663 0.533784 0.113562 0.327027
4 0.705065 0.609459 0.0212418 0.181081
10 0.43219 0.513514 0.140523 0.302703
10 0.290441 0.597297 0.138072 0.389189
5 0.587827 0.390541 0.0155229 0.37027
10 0.664216 0.333784 0.0947712 0.251351
10 0.644608 0.585135 0.0277778 0.0189189
10 0.468137 0.401351 0.0931373 0.240541
10 0.626225 0.585135 0.0187908 0.0189189
10 0.628268 0.593243 0.0130719 0.0243243
10 0.474673 0.428378 0.0833333 0.245946
5 0.514297 0.333784 0.123366 0.667568
10 0.408497 0.494595 0.122549 0.324324
10 0.36683 0.563514 0.158497 0.354054
10 0.634395 0.589189 0.0269608 0.0216216
10 0.625408 0.587838 0.0269608 0.0189189
10 0.462418 0.455405 0.129085 0.278378
10 0.464052 0.424324 0.117647 0.27027
11 0.553105 0.556757 0.0408497 0.0810811
11 0.499592 0.578378 0.0661765 0.183784
