19 0.599673 0.578378 0.0261438 0.0162162
19 0.654003 0.512162 0.0269608 0.0945946
2 0.571078 0.540541 0.00326797 0.0432432
6 0.435866 0.67027 0.0433007 0.0810811
19 0.636029 0.602703 0.0416667 0.027027
2 0.576797 0.544595 0.00326797 0.0459459
2 0.563317 0.535135 0.00245098 0.0378378
19 0.69567 0.645946 0.0759804 0.0540541
19 0.895833 0.848649 0.208333 0.243243
2 0.568219 0.539189 0.00245098 0.0405405
2 0.565768 0.537838 0.00245098 0.0378378
6 0.345997 0.856757 0.169118 0.286486
19 0.634395 0.512162 0.0285948 0.105405
10 0.941993 0.758108 0.116013 0.343243
10 0.907271 0.714865 0.144608 0.305405
8 0.32884 0.614865 0.136438 0.0513514
8 0.589052 0.614865 0.109477 0.0513514
8 0.564951 0.586486 0.0759804 0.0324324
7 0.502042 0.671622 0.159314 0.0837838
7 0.358252 0.671622 0.188725 0.0837838
10 0.675654 0.590541 0.0539216 0.110811
8 0.642157 0.677027 0.187908 0.110811
10 0.86969 0.689189 0.159314 0.254054
8 0.232435 0.677027 0.249183 0.110811
10 0.671977 0.589189 0.0645425 0.118919
7 0.410539 0.612162 0.110294 0.0351351
6 0.457925 0.612162 0.0220588 0.0351351
10 0.908497 0.714865 0.183007 0.289189
8 0.373366 0.586486 0.0915033 0.0324324
10 0.884804 0.694595 0.166667 0.254054
10 0.940359 0.747297 0.119281 0.310811
10 0.687908 0.597297 0.0620915 0.102703
10 0.637663 0.57027 0.0498366 0.0810811
10 0.629493 0.567568 0.0433007 0.0918919
10 0.625817 0.567568 0.0473856 0.0918919
10 0.690768 0.6 0.0710784 0.124324
10 0.625817 0.564865 0.0424837 0.0810811
10 0.703023 0.601351 0.0661765 0.127027
10 0.679739 0.590541 0.0669935 0.121622
10 0.626225 0.564865 0.0433007 0.0648649
10 0.711193 0.604054 0.0825163 0.127027
10 0.634804 0.57027 0.0408497 0.0864865
10 0.595588 0.554054 0.0310458 0.0540541
2 0.369281 0.497297 0.0114379 0.151351
10 0.596814 0.556757 0.0334967 0.0648649
2 0.386029 0.497297 0.00898693 0.12973
10 0.603758 0.560811 0.0359477 0.072973
2 0.377859 0.497297 0.0106209 0.140541
10 0.60049 0.556757 0.0359477 0.0702703
12 0.623775 0.537838 0.0334967 0.0648649
10 0.59518 0.552703 0.0334967 0.0567568
12 0.59232 0.537838 0.0326797 0.0648649
10 0.602533 0.558108 0.0367647 0.0621622
10 0.606618 0.559459 0.0383987 0.0594595
2 0.392565 0.497297 0.00735294 0.124324
12 0.65482 0.537838 0.0334967 0.0648649
2 0.0375817 0.481081 0.0751634 0.632432
2 0.182598 0.489189 0.0612745 0.383784
2 0.26634 0.493243 0.0343137 0.278378
2 0.332516 0.494595 0.0179739 0.194595
2 0.230801 0.491892 0.0449346 0.324324
2 0.35866 0.495946 0.0130719 0.164865
2 0.112745 0.486486 0.0898693 0.481081
2 0.314951 0.494595 0.0220588 0.216216
5 0.518382 0.394595 0.0531046 0.356757
2 0.293709 0.494595 0.0269608 0.243243
2 0.346814 0.495946 0.0155229 0.175676
9 0.407271 0.486486 0.0106209 0.0324324
11 0.499183 0.586486 0.0735294 0.205405
5 0.530229 0.498649 0.00163399 0.116216
5 0.407271 0.525676 0.000816993 0.110811
11 0.499592 0.558108 0.0269608 0.0837838
11 0.499183 0.522973 0.0408497 0.127027
18 0.530637 0.466216 0.00408497 0.0459459
