7 0.654412 0.674324 0.0473856 0.0189189
2 0.560866 0.605405 0.00571895 0.0918919
8 0.276961 0.651351 0.271242 0.156757
2 0.69567 0.609459 0.0220588 0.121622
2 0.626634 0.57027 0.00980392 0.0756757
2 0.636438 0.577027 0.0114379 0.0837838
2 0.665033 0.562162 0.0310458 0.0648649
19 0.810458 0.528378 0.104575 0.262162
7 0.288399 0.632432 0.0277778 0.00540541
7 0.504085 0.827027 0.348039 0.27027
10 0.801471 0.666216 0.120915 0.186486
2 0.555556 0.595946 0.00490196 0.0837838
2 0.660131 0.589189 0.0147059 0.0972973
2 0.622549 0.566216 0.00163399 0.072973
2 0.695261 0.562162 0.0310458 0.0648649
2 0.647059 0.582432 0.0130719 0.0891892
19 0.808007 0.521622 0.0800654 0.194595
2 0.636029 0.558108 0.0269608 0.0675676
8 0.785948 0.840541 0.428105 0.318919
2 0.56781 0.616216 0.00653595 0.102703
7 0.214461 0.827027 0.428922 0.27027
2 0.57598 0.62973 0.00816993 0.113514
6 0.374183 0.827027 0.124183 0.27027
10 0.895425 0.731081 0.163399 0.272973
10 0.810049 0.672973 0.125 0.189189
12 0.90768 0.597297 0.0947712 0.167568
10 0.859477 0.708108 0.155229 0.275676
10 0.936275 0.774324 0.127451 0.321622
10 0.916667 0.759459 0.166667 0.345946
10 0.839052 0.690541 0.116013 0.22973
2 0.324346 0.494595 0.0196078 0.205405
17 0.420343 0.551351 0.0106209 0.0324324
12 0.743056 0.595946 0.0906863 0.164865
2 0.152369 0.487838 0.0727124 0.424324
2 0.395833 0.497297 0.00735294 0.118919
2 0.381944 0.497297 0.00898693 0.135135
5 0.726307 0.394595 0.0294118 0.356757
2 0.373775 0.495946 0.0106209 0.143243
18 0.640523 0.459459 0.00653595 0.0540541
2 0.281046 0.491892 0.0294118 0.259459
2 0.389297 0.495946 0.00898693 0.127027
17 0.413399 0.556757 0.0114379 0.0378378
2 0.250408 0.491892 0.0383987 0.297297
2 0.363971 0.495946 0.0122549 0.154054
17 0.426062 0.547297 0.00898693 0.0297297
17 0.395425 0.567568 0.0163399 0.0486486
2 0.209559 0.489189 0.0514706 0.351351
2 0.305147 0.493243 0.0236928 0.22973
2 0.352941 0.495946 0.0147059 0.17027
2 0.0669935 0.483784 0.111111 0.540541
5 0.423203 0.383784 0.0588235 0.389189
17 0.38317 0.575676 0.0196078 0.0540541
12 0.825572 0.597297 0.0923203 0.167568
17 0.405637 0.560811 0.0138889 0.0405405
2 0.339869 0.495946 0.0163399 0.186486
5 0.431373 0.498649 0.00163399 0.116216
5 0.210376 0.575676 0.00571895 0.351351
9 0.211601 0.451351 0.0326797 0.102703
11 0.496324 0.528378 0.0629085 0.191892
18 0.431781 0.466216 0.00408497 0.0459459
11 0.499592 0.604054 0.0498366 0.159459
5 0.564134 0.494595 0.00245098 0.248649
18 0.564542 0.425676 0.00980392 0.0945946
11 0.499183 0.671622 0.147059 0.408108
5 0.636846 0.497297 0.00245098 0.135135
