10 0.0837418 0.410811 0.167484 0.627027
7 0.501225 0.781081 0.299837 0.216216

7 0.501225 0.635135 0.136438 0.0756757
8 0.315768 0.622973 0.303105 0.132432
7 0.50817 0.587838 0.0947712 0.0189189
8 0.149101 0.793243 0.298203 0.267568
6 0.387663 0.781081 0.103758 0.216216


7 0.484069 0.57027 0.120098 0.0162162

7 0.58415 0.574324 0.0931373 0.0135135
7 0.242239 0.781081 0.379902 0.216216
10 0.466095 0.418919 0.111928 0.254054
9 0.123366 0.445946 0.0441176 0.135135

10 0.61683 0.575676 0.0114379 0.0216216
10 0.375408 0.55 0.147876 0.327027
10 0.436275 0.501351 0.132353 0.283784
11 0.507761 0.55 0.0367647 0.0837838
10 0.394199 0.52027 0.107026 0.305405
10 0.632761 0.567568 0.0253268 0.0162162
5 0.121324 0.609459 0.00735294 0.462162
10 0.414216 0.486486 0.114379 0.302703

10 0.615605 0.567568 0.0171569 0.0162162
10 0.622958 0.571622 0.0236928 0.0189189
5 0.582108 0.389189 0.0138889 0.345946
10 0.634804 0.575676 0.0261438 0.0216216
5 0.512255 0.317568 0.106209 0.635135
10 0.30719 0.578378 0.125817 0.356757
10 0.334967 0.52973 0.156863 0.335135
10 0.615196 0.57027 0.0245098 0.0162162
4 0.602941 0.558108 0.0130719 0.0783784
10 0.464869 0.447297 0.122549 0.262162
