10 0.339461 0.555405 0.0122549 0.0351351
10 0.318627 0.562162 0.0130719 0.0378378
10 0.354167 0.55 0.0106209 0.0297297
10 0.357435 0.55 0.0106209 0.0297297
10 0.374592 0.543243 0.00898693 0.027027
10 0.378676 0.541892 0.00898693 0.0243243
10 0.359069 0.547297 0.0106209 0.0297297
10 0.368464 0.545946 0.00980392 0.027027
10 0.377859 0.541892 0.00898693 0.0243243
10 0.369281 0.544595 0.00980392 0.0297297
10 0.321078 0.562162 0.0130719 0.0378378
10 0.375408 0.543243 0.00898693 0.027010 0.366013 0.545946 0.00980392 0.027027
10 0.342729 0.554054 0.0122549 0.0324324
10 0.364379 0.547297 0.00980392 0.0297297
10 0.325163 0.559459 0.0130719 0.0378378
10 0.344771 0.554054 0.0114379 0.0324324
19 0.326389 0.575676 0.0138889 0.0324324
19 0.358252 0.563514 0.0106209 0.0243243

19 0.368873 0.558108 0.00898693 0.0243243
19 0.374592 0.554054 0.00898693 0.0216216
19 0.343546 0.568919 0.0122549 0.0297297
2 0.109886 0.633784 0.0514706 0.148649
7 0.453431 0.639189 0.0392157 0.0135135
10 0.180964 0.568919 0.0776144 0.110811
19 0.320261 0.578378 0.0147059 0.0324324
19 0.35335 0.564865 0.0106209 0.027027
2 0.0522876 0.652703 0.0669935 0.175676
10 0.327614 0.559459 0.0130719 0.0378378
7 0.780637 0.827027 0.103758 0.0540541
10 0.33701 0.555405 0.0122549 0.0351351
2 0.0106209 0.67973 0.0212418 0.208108
7 0.57067 0.616216 0.245915 0.0432432
7 0.640114 0.705405 0.486111 0.135135
8 0.333742 0.614865 0.18219 0.1
7 0.434641 0.581081 0.0800654 0.027027
7 0.451389 0.562162 0.0547386 0.0108108
8 0.547386 0.563514 0.0539216 0.0189189
7 0.404412 0.616216 0.120915 0.0432432
19 0.176062 0.618919 0.0400327 0.0972973
7 0.5 0.562162 0.0506536 0.0108108
6 0.476307 0.562162 0.00980392 0.0108108
7 0.322712 0.702703 0.25 0.12973
7 0.500408 0.581081 0.0710784 0.027027
10 0.614379 0.539189 0.0294118 0.127027
10 0.584967 0.52973 0.0212418 0.0918919
20 0.882761 0.659459 0.0465686 0.12973
10 0.618873 0.540541 0.0302288 0.12973
12 0.631127 0.578378 0.0710784 0.0324324
12 0.0502451 0.593243 0.0874183 0.154054
12 0.387255 0.532432 0.00980392 0.0540541
10 0.588235 0.528378 0.0212418 0.0945946
19 0.588235 0.568919 0.0343137 0.0567568
12 0.589052 0.560811 0.0261438 0.0189189
10 0.606618 0.536486 0.0269608 0.116216
11 0.605392 0.513514 0.0539216 0.0810811
12 0.575163 0.554054 0.0114379 0.0216216
10 0.602941 0.535135 0.0261438 0.113514
10 0.593137 0.417568 0.116013 0.332432
12 0.381127 0.533784 0.0106209 0.0567568
12 0.124592 0.593243 0.0857843 0.154054
12 0.579248 0.551351 0.0196078 0.0162162
10 0.610294 0.537838 0.0277778 0.124324
10 0.887663 0.532432 0.0367647 0.108108
10 0.634395 0.540541 0.0351307 0.135135
12 0.802288 0.581081 0.0490196 0.027027
10 0.592729 0.532432 0.0236928 0.108108
12 0.725899 0.581081 0.0482026 0.027027
12 0.687908 0.581081 0.0473856 0.027027
10 0.867647 0.532432 0.0343137 0.102703
12 0.878676 0.581081 0.0498366 0.027027
10 0.650327 0.540541 0.0359477 0.135135
10 0.595997 0.533784 0.0236928 0.110811
12 0.840686 0.581081 0.0490196 0.027027
10 0.666258 0.540541 0.0367647 0.135135
12 0.764297 0.581081 0.0482026 0.027027
10 0.858252 0.540541 0.0449346 0.135135
10 0.762255 0.540541 0.0408497 0.135135
10 0.84232 0.540541 0.0441176 0.135135
10 0.746324 0.540541 0.0400327 0.135135
10 0.794118 0.540541 0.0424837 0.135135
10 0.810458 0.540541 0.0424837 0.135135
10 0.730392 0.540541 0.0392157 0.135135
10 0.714461 0.540541 0.0383987 0.135135
10 0.826389 0.540541 0.0433007 0.135135
10 0.778186 0.540541 0.0416667 0.135135
10 0.698529 0.540541 0.0375817 0.135135
10 0.682598 0.540541 0.0367647 0.135135
5 0.426879 0.386486 0.0563725 0.378378
10 0.874183 0.540541 0.0457516 0.135135
5 0.39665 0.495946 0.00245098 0.17027
5 0.50817 0.422973 0.0375817 0.256757
5 0.213644 0.404054 0.237745 0.808108
5 0.678922 0.481081 0.0114379 0.8
18 0.686683 0.244595 0.0351307 0.332432
18 0.719771 0.433784 0.0114379 0.0837838
5 0.714052 0.494595 0.00326797 0.221622
11 0.449346 0.532432 0.0604575 0.0756757
1 0.765523 0.387838 0.232026 0.397297
5 0.771242 0.337838 0.0767974 0.675676
18 0.397467 0.448649 0.00571895 0.0648649
