6 0.344363 0.856757 0.172386 0.286486
7 0.498775 0.563514 0.0547386 0.0135135
7 0.432598 0.581081 0.0776144 0.0216216
6 0.466912 0.581081 0.0138889 0.0216216
7 0.500817 0.610811 0.0980392 0.0378378
7 0.446078 0.563514 0.0588235 0.0135135
6 0.457108 0.610811 0.0220588 0.0378378
7 0.499183 0.581081 0.0702614 0.0216216
7 0.454657 0.552703 0.0482026 0.00810811
6 0.435049 0.671622 0.0433007 0.0837838
8 0.227124 0.678378 0.254902 0.113514
7 0.503268 0.671622 0.161765 0.0837838
7 0.497958 0.552703 0.0449346 0.00810811
8 0.589052 0.613514 0.111111 0.0540541
7 0.355801 0.671622 0.191993 0.0837838
6 0.473039 0.563514 0.00980392 0.0135135
7 0.408905 0.610811 0.110294 0.0378378
8 0.645016 0.677027 0.193627 0.110811
8 0.549428 0.566216 0.0596405 0.0243243
10 0.29616 0.368919 0.110294 0.262162
10 0.0792484 0.3 0.158497 0.6
10 0.143791 0.708108 0.0441176 0.0702703
10 0.151552 0.698649 0.0400327 0.0621622
10 0.206291 0.301351 0.107026 0.305405
10 0.167892 0.339189 0.205065 0.478378
8 0.370915 0.583784 0.0915033 0.0324324
8 0.564134 0.583784 0.0776144 0.0324324
10 0.279412 0.341892 0.138889 0.310811
10 0.190768 0.313514 0.193627 0.389189
8 0.397059 0.566216 0.0686275 0.0243243
8 0.325572 0.613514 0.138072 0.0540541
10 0.167484 0.667568 0.0539216 0.0540541
10 0.34232 0.297297 0.107843 0.589189
10 0.231209 0.622973 0.0212418 0.0351351
10 0.264706 0.614865 0.0441176 0.0297297
10 0.277778 0.608108 0.0392157 0.0324324
10 0.265931 0.618919 0.0449346 0.0324324
10 0.188317 0.660811 0.0416667 0.0513514
10 0.25531 0.628378 0.0269608 0.0405405
10 0.264706 0.62027 0.0441176 0.0351351
10 0.278595 0.614865 0.0424837 0.0351351
10 0.250408 0.637838 0.0514706 0.0378378
10 0.21732 0.644595 0.0457516 0.0405405
10 0.244281 0.633784 0.0228758 0.0405405
10 0.144199 0.674324 0.0710784 0.0459459
10 0.286765 0.613514 0.0261438 0.0324324
10 0.259804 0.612162 0.0424837 0.0351351
10 0.223448 0.643243 0.0531046 0.0324324
10 0.297386 0.613514 0.0326797 0.0324324
10 0.187908 0.659459 0.0604575 0.0486486
10 0.275327 0.621622 0.0457516 0.027027
10 0.129493 0.681081 0.0661765 0.0540541

10 0.15768 0.655405 0.0620915 0.0351351
10 0.168301 0.660811 0.0473856 0.0513514
10 0.0625 0.67973 0.0776144 0.0459459
10 0.173203 0.644595 0.0310458 0.0405405
10 0.214052 0.644595 0.0539216 0.0351351
10 0.124592 0.678378 0.0661765 0.0432432
10 0.0837418 0.674324 0.0710784 0.0513514
10 0.227941 0.640541 0.0212418 0.0378378
10 0.219771 0.643243 0.0539216 0.0378378
10 0.239379 0.624324 0.0179739 0.0324324
10 0.0322712 0.637838 0.0645425 0.0810811
10 0.255719 0.617568 0.0441176 0.0297297
10 0.0298203 0.667568 0.0596405 0.0756757
10 0.100082 0.662162 0.0661765 0.0702703
10 0.00612745 0.659459 0.0122549 0.0810811
10 0.0441176 0.645946 0.0490196 0.0702703
10 0.0543301 0.637838 0.0596405 0.0594595
10 0.356209 0.577027 0.0245098 0.0189189
10 0.349265 0.582432 0.0138889 0.0243243
10 0.212827 0.639189 0.0334967 0.0297297
10 0.134804 0.663514 0.0212418 0.0351351
10 0.344771 0.577027 0.00816993 0.0189189
10 0.213644 0.65 0.0138889 0.0297297
10 0.127042 0.672973 0.0596405 0.0540541
10 0.118056 0.663514 0.0204248 0.0621622
10 0.348448 0.581081 0.0236928 0.0162162
10 0.23652 0.631081 0.0285948 0.0297297
10 0.0845588 0.659459 0.0334967 0.0648649
10 0.319853 0.587838 0.0302288 0.0189189
10 0.201389 0.65 0.0367647 0.0351351
10 0.248775 0.62973 0.0351307 0.0216216
10 0.228758 0.636486 0.0392157 0.0243243
10 0.138889 0.664865 0.0326797 0.0324324
10 0.346814 0.585135 0.0285948 0.0189189
10 0.13848 0.666216 0.0465686 0.0405405
10 0.140931 0.67027 0.0433007 0.0432432
10 0.370507 0.564865 0.0204248 0.0162162
10 0.360294 0.566216 0.0228758 0.0189189
10 0.373775 0.562162 0.00898693 0.0162162
10 0.343546 0.571622 0.0253268 0.0189189
10 0.366013 0.567568 0.0228758 0.0162162
10 0.36152 0.572973 0.0253268 0.0162162
10 0.355392 0.57027 0.0245098 0.0162162
10 0.372549 0.563514 0.0130719 0.0189189
10 0.389706 0.559459 0.0212418 0.0162162
10 0.379902 0.562162 0.0212418 0.0162162
10 0.341503 0.57027 0.00980392 0.0162162
10 0.355392 0.564865 0.0228758 0.0162162
10 0.374592 0.566216 0.0236928 0.0189189
10 0.377042 0.566216 0.0236928 0.0135135
10 0.379085 0.564865 0.0114379 0.0162162
10 0.364788 0.572973 0.0253268 0.0162162
10 0.354575 0.572973 0.0196078 0.0162162
10 0.287582 0.591892 0.0310458 0.0216216
10 0.330474 0.582432 0.0187908 0.0189189
10 0.341503 0.578378 0.0147059 0.0216216
10 0.303105 0.583784 0.0147059 0.0216216
10 0.29085 0.586486 0.0277778 0.0162162
10 0.329657 0.575676 0.0171569 0.0162162
10 0.345588 0.577027 0.0261438 0.0189189
10 0.288399 0.593243 0.0245098 0.0243243
10 0.280637 0.597297 0.0187908 0.0216216
10 0.297794 0.585135 0.0236928 0.0189189
10 0.275327 0.590541 0.0196078 0.0189189
10 0.289624 0.597297 0.0269608 0.027027
10 0.264297 0.594595 0.0302288 0.0216216
10 0.315768 0.587838 0.0138889 0.0189189
10 0.306781 0.587838 0.0106209 0.0189189
10 0.247141 0.6 0.0318627 0.0216216
10 0.30433 0.585135 0.0253268 0.0189189
10 0.257353 0.595946 0.0310458 0.0189189
10 0.275327 0.591892 0.0277778 0.0216216
10 0.258987 0.595946 0.0228758 0.0243243
10 0.354575 0.563514 0.0147059 0.0135135
10 0.360703 0.563514 0.0187908 0.0135135
10 0.324346 0.572973 0.0114379 0.0162162
10 0.368056 0.566216 0.0204248 0.0135135
10 0.348039 0.564865 0.0179739 0.0162162
10 0.324755 0.578378 0.0236928 0.0162162
10 0.32598 0.57973 0.0130719 0.0189189
10 0.318627 0.578378 0.00816993 0.0162162
10 0.356209 0.566216 0.00816993 0.0135135
10 0.360703 0.57027 0.0155229 0.0162162
10 0.354167 0.57027 0.0155229 0.0162162
10 0.367239 0.560811 0.0138889 0.0135135
10 0.333742 0.575676 0.0236928 0.0162162
10 0.326389 0.575676 0.0220588 0.0162162
10 0.339869 0.566216 0.0212418 0.0135135
10 0.351307 0.571622 0.0212418 0.0135135
10 0.329657 0.581081 0.0236928 0.0162162
10 0.331699 0.575676 0.0163399 0.0162162
10 0.401144 0.545946 0.0163399 0.0108108
10 0.389706 0.545946 0.0147059 0.0108108
10 0.392974 0.55 0.0147059 0.0135135
10 0.414216 0.545946 0.0163399 0.0108108
10 0.405637 0.544595 0.0155229 0.0135135
10 0.395425 0.545946 0.0163399 0.0108108
10 0.390931 0.552703 0.0171569 0.0135135
10 0.404003 0.548649 0.0171569 0.0108108
10 0.38848 0.558108 0.0138889 0.0135135
10 0.406454 0.548649 0.0171569 0.0108108
10 0.380719 0.555405 0.00816993 0.0135135
10 0.400735 0.555405 0.0171569 0.0135135
10 0.393791 0.552703 0.00816993 0.0135135
10 0.38317 0.558108 0.0196078 0.0135135
10 0.380719 0.555405 0.0196078 0.0135135
10 0.386846 0.558108 0.00898693 0.0135135
10 0.35335 0.559459 0.0138889 0.0108108
10 0.385212 0.548649 0.0171569 0.0108108
10 0.379085 0.551351 0.0179739 0.0108108
10 0.380719 0.55 0.00980392 0.0135135
10 0.367647 0.556757 0.00980392 0.0108108
10 0.39951 0.548649 0.0114379 0.0108108
10 0.355801 0.555405 0.0187908 0.0135135
10 0.39134 0.548649 0.0114379 0.0108108
10 0.372549 0.554054 0.0179739 0.0108108
10 0.365196 0.552703 0.0179739 0.0135135
10 0.367239 0.560811 0.0187908 0.0135135
10 0.366422 0.558108 0.0187908 0.0135135
10 0.387663 0.551351 0.0155229 0.0108108
10 0.349673 0.563514 0.0196078 0.0135135
10 0.352124 0.563514 0.00980392 0.0135135
10 0.36683 0.555405 0.00816993 0.0135135
10 0.359069 0.556757 0.0171569 0.0108108
10 0.332108 0.566216 0.0187908 0.0135135
10 0.342729 0.560811 0.0187908 0.0135135
10 0.384395 0.551351 0.0155229 0.0108108
10 0.372958 0.558108 0.0171569 0.0135135
10 0.376225 0.554054 0.0155229 0.0108108
10 0.374592 0.554054 0.0171569 0.0108108
10 0.378676 0.548649 0.0155229 0.0108108
10 0.36969 0.552703 0.0171569 0.00810811
10 0.363154 0.558108 0.00735294 0.0135135
10 0.352124 0.558108 0.0179739 0.0135135
10 0.348448 0.560811 0.0187908 0.0135135
10 0.366013 0.559459 0.0196078 0.0108108
10 0.373366 0.556757 0.0179739 0.0108108
10 0.554739 0.547297 0.0147059 0.00810811
10 0.531863 0.545946 0.00980392 0.0108108
10 0.548203 0.547297 0.0147059 0.00810811
10 0.54085 0.548649 0.0163399 0.0108108
10 0.544935 0.545946 0.0147059 0.0108108
10 0.564951 0.545946 0.0138889 0.0108108
10 0.351716 0.563514 0.0187908 0.0135135
10 0.35866 0.558108 0.0179739 0.0135135
10 0.524918 0.545946 0.0138889 0.0108108
10 0.529412 0.545946 0.0147059 0.0108108
10 0.544118 0.545946 0.0147059 0.0108108
10 0.526144 0.545946 0.0147059 0.0108108
10 0.340686 0.560811 0.0163399 0.0135135
10 0.560866 0.545946 0.00898693 0.0108108
10 0.395425 0.551351 0.0147059 0.0108108
10 0.376634 0.551351 0.00980392 0.0108108
10 0.562908 0.545946 0.0147059 0.0108108
10 0.533497 0.558108 0.0147059 0.0135135
10 0.566585 0.554054 0.0171569 0.0108108
10 0.544526 0.545946 0.0138889 0.0108108
10 0.542892 0.554054 0.0171569 0.0108108
10 0.546977 0.555405 0.0171569 0.0135135
10 0.555556 0.548649 0.0147059 0.0108108
10 0.536765 0.551351 0.0130719 0.0108108
10 0.568627 0.552703 0.0130719 0.0135135
10 0.568219 0.555405 0.0155229 0.0135135
10 0.565768 0.551351 0.0155229 0.0108108
10 0.568219 0.552703 0.0155229 0.0135135
10 0.531046 0.551351 0.0163399 0.0108108
10 0.551471 0.554054 0.0114379 0.0108108
10 0.562092 0.555405 0.00980392 0.0135135
10 0.541667 0.55 0.0130719 0.0135135
10 0.575163 0.554054 0.0179739 0.0108108
10 0.554739 0.555405 0.0179739 0.0135135
10 0.546569 0.548649 0.0130719 0.0108108
10 0.560866 0.55 0.00898693 0.0135135
10 0.537173 0.551351 0.0106209 0.0108108
10 0.566585 0.558108 0.0171569 0.0135135
10 0.533497 0.560811 0.0196078 0.0135135
10 0.558007 0.564865 0.0179739 0.0162162
10 0.547794 0.563514 0.0155229 0.0135135
10 0.547794 0.558108 0.0138889 0.0135135
10 0.547794 0.563514 0.00898693 0.0135135110 0.543301 0.566216 0.0147059 0.0135135
10 0.601716 0.586486 0.0106209 0.0216216
10 0.614788 0.587838 0.0285948 0.0189189
10 0.600082 0.57973 0.0138889 0.0189189
10 0.582516 0.589189 0.0212418 0.0216216
10 0.589461 0.589189 0.0285948 0.0216216
10 0.568219 0.585135 0.0269608 0.0189189
10 0.581291 0.581081 0.0171569 0.0216216
10 0.568219 0.572973 0.0220588 0.0162162
10 0.583333 0.583784 0.0212418 0.0216216
10 0.547794 0.577027 0.0171569 0.0189189
10 0.586193 0.572973 0.0236928 0.0162162
10 0.585376 0.57027 0.0187908 0.0162162
10 0.539624 0.564865 0.00735294 0.0162162
10 0.545752 0.572973 0.0228758 0.0162162
10 0.607843 0.585135 0.0277778 0.0189189
10 0.566993 0.567568 0.0212418 0.0162162
10 0.590686 0.586486 0.0261438 0.0216216
10 0.558415 0.575676 0.0236928 0.0162162
10 0.622958 0.601351 0.0155229 0.0243243
10 0.617647 0.590541 0.0294118 0.0189189
10 0.622549 0.591892 0.0294118 0.0216216
10 0.647876 0.602703 0.0326797 0.0216216
10 0.625 0.591892 0.0294118 0.0216216
10 0.620098 0.589189 0.0196078 0.0216216
10 0.599265 0.605405 0.0204248 0.027027
10 0.598856 0.597297 0.0245098 0.027027

10 0.57598 0.614865 0.0375817 0.0297297
10 0.649101 0.609459 0.0334967 0.0297297
10 0.569036 0.608108 0.0318627 0.027027

10 0.625408 0.606757 0.0236928 0.0297297
10 0.619281 0.605405 0.0326797 0.027027

10 0.631127 0.631081 0.0383987 0.0351351
10 0.663807 0.639189 0.0449346 0.0351351
10 0.606209 0.635135 0.0163399 0.0378378
10 0.709559 0.694595 0.0253268 0.0594595
10 0.730801 0.724324 0.0776144 0.0702703
10 0.684232 0.663514 0.0547386 0.0405405
10 0.653595 0.643243 0.0441176 0.0378378
10 0.629493 0.658108 0.0334967 0.045945910 0.669935 0.667568 0.0539216 0.0486486
10 0.707925 0.67027 0.0580065 0.0486486
10 0.719363 0.675676 0.0482026 0.0540541
10 0.703023 0.647297 0.0433007 0.0405405
10 0.664624 0.654054 0.0514706 0.0378378
10 0.621732 0.62973 0.0424837 0.0324324
10 0.730801 0.832432 0.113562 0.0918919
10 0.885621 0.809459 0.0996732 0.116216

10 0.791258 0.885135 0.105392 0.159459


10 0.802288 0.747297 0.0735294 0.0837838
10 0.84518 0.762162 0.0988562 0.0918919
15 0.534314 0.341892 0.137255 0.683784

10 0.940768 0.952703 0.118464 0.0945946
10 0.925245 0.951351 0.14951 0.0972973
11 0.497549 0.532432 0.0228758 0.0486486
9 0.29616 0.464865 0.0220588 0.0702703

9 0.55433 0.472973 0.0155229 0.0540541
