7 0.604984 0.617568 0.0302288 0.00810811
2 0.547794 0.581081 0.00408497 0.0702703
2 0.609886 0.559459 0.00735294 0.0648649
2 0.541258 0.568919 0.00245098 0.0621622
8 0.230392 0.674324 0.251634 0.110811
10 0.86152 0.695946 0.139706 0.289189
19 0.724673 0.518919 0.0620915 0.183784
2 0.596814 0.55 0.00245098 0.0567568
8 0.343137 0.605405 0.168301 0.0918919
2 0.608252 0.544595 0.0220588 0.0513514
6 0.34232 0.855405 0.174837 0.289189
10 0.854984 0.681081 0.152778 0.243243
2 0.635212 0.572973 0.0106209 0.0810811
10 0.85866 0.682432 0.148693 0.208108
6 0.435458 0.668919 0.0441176 0.0837838
19 0.738562 0.514865 0.0522876 0.148649
8 0.643382 0.674324 0.190359 0.110811
2
2 0.544526 0.575676 0.00245098 0.0648649
2 0.598448 0.552703 0.00571895 0.0567568
2 0.551879 0.586486 0.00408497 0.0756757
12 0.664624 0.563514 0.0596405 0.110811
10 0.725899 0.628378 0.0890523 0.164865
10 0.705065 0.614865 0.0800654 0.148649
12 0.98366 0.563514 0.0326797 0.110811
10 0.6875 0.602703 0.0661765 0.108108
10 0.932598 0.745946 0.134804 0.318919
10 0.923203 0.735135 0.153595 0.318919
12 0.776144 0.563514 0.0620915 0.110811
2 0.392565 0.494595 0.00735294 0.124324
12 0.720588 0.563514 0.0604575 0.110811
10 0.943219 0.733784 0.113562 0.283784
12 0.944036 0.563514 0.0645425 0.110811
10 0.694444 0.608108 0.0637255 0.12973
10 0.715686 0.62027 0.0816993 0.132432
10 0.735294 0.62973 0.0866013 0.140541
10 0.685049 0.598649 0.0694444 0.110811
12 0.888072 0.563514 0.0637255 0.110811
10 0.914216 0.712162 0.168301 0.3
2 0.378268 0.494595 0.00980392 0.140541
2 0.386029 0.494595 0.00898693 0.12973
2 0.369281 0.494595 0.0114379 0.151351
2 0.346814 0.493243 0.0155229 0.175676
2 0.35866 0.493243 0.0130719 0.164865
9 0.322304 0.467568 0.0204248 0.0648649
17 0.42116 0.55 0.0106209 0.0351351
18 0.61969 0.463514 0.00571895 0.0459459
2 0.231209 0.487838 0.0441176 0.321622
5 0.61683 0.495946 0.00163399 0.116216
2 0.332516 0.491892 0.0179739 0.194595
2 0.113154 0.482432 0.0890523 0.478378
2 0.293709 0.491892 0.0269608 0.243243
2 0.26634 0.490541 0.0343137 0.278378
2 0.314951 0.491892 0.0220588 0.216216
17 0.414216 0.554054 0.0114379 0.0378378
18 0.54902 0.441892 0.00653595 0.072973
17 0.426879 0.545946 0.00898693 0.0324324
5 0.691176 0.409459 0.0212418 0.3
5 0.436275 0.401351 0.0490196 0.321622
2 0.182598 0.486486 0.0612745 0.383784
17 0.406454 0.559459 0.0138889 0.0432432
11 0.5 0.660811 0.138889 0.386486
11 0.499592 0.618919 0.0580065 0.183784
5 0.321895 0.545946 0.00326797 0.216216
11 0.794526 0.527027 0.0694444 0.0918919
4 0.582108 0.527027 0.00571895 0.0864865
11 0.499592 0.541892 0.0825163 0.256757
