6 0.45915 0.606757 0.0212418 0.0351351
.412582 0.606757 0.107843 0.0351351
19 0.576389 0.556757 0.0171569 0.0108108
10 0.781454 0.641892 0.0972222 0.202703
7 0.435866 0.57973 0.0759804 0.0189189
10 0.816585 0.660811 0.128268 0.186486
7 0.501225 0.606757 0.0955882 0.0351351
7 0.58415 0.591892 0.0228758 0.00540541
8 0.331291 0.610811 0.13317 0.0540541
6 0.4375 0.664865 0.0416667 0.0810811
7 0.500817 0.57973 0.0686275 0.0189189
10 0.606209 0.551351 0.0310458 0.0540541
10 0.575572 0.535135 0.0253268 0.0432432
10 0.601716 0.55 0.0318627 0.0567568
7 0.36152 0.664865 0.183824 0.0810811
8 0.588235 0.610811 0.107843 0.0540541
6 0.354984 0.852703 0.156046 0.294595
8 0.564542 0.581081 0.0751634 0.0324324
8 0.375 0.581081 0.0898693 0.0324324
10 0.602941 0.55 0.0326797 0.0675676
8 0.639706 0.67027 0.183007 0.108108
10 0.800654 0.655405 0.124183 0.213514
10 0.86683 0.678378 0.119281 0.205405
10 0.598448 0.545946 0.0302288 0.0594595
8 0.400735 0.564865 0.0678105 0.0216216
7 0.448938 0.563514 0.0580065 0.0135135
10 0.767157 0.633784 0.0816993 0.17027
8 0.238562 0.67027 0.24183 0.108108
10 0.844771 0.678378 0.109477 0.243243
12 0.839461 0.6 0.0988562 0.178378
10 0.575572 0.536486 0.0269608 0.0459459
10 0.578431 0.537838 0.0212418 0.0486486
10 0.579657 0.537838 0.0253268 0.0486486
10 0.581699 0.537838 0.0294118 0.0540541
10 0.577206 0.537838 0.0253268 0.0432432
10 0.57598 0.536486 0.0212418 0.0459459
12 0.751225 0.6 0.0972222 0.178378
2 0.377859 0.494595 0.0106209 0.140541
2 0.385212 0.493243 0.00898693 0.132432
2 0.345997 0.493243 0.0155229 0.181081
2 0.358252 0.493243 0.0138889 0.164865
2 0.392565 0.494595 0.00735294 0.124324
12 0.670752 0.548649 0.0473856 0.0864865
2 0.368464 0.494595 0.0114379 0.151351
12 0.625817 0.548649 0.0473856 0.0864865
11 0.499592 0.556757 0.0269608 0.0864865
5 0.435866 0.393243 0.0531046 0.354054
2 0.177696 0.486486 0.0629085 0.394595
2 0.0330882 0.477027 0.0661765 0.651351
2 0.331291 0.493243 0.0187908 0.197297
2 0.105392 0.482432 0.0931373 0.489189
2 0.313725 0.490541 0.0228758 0.218919
2 0.291667 0.490541 0.0277778 0.245946
2 0.264297 0.489189 0.0351307 0.281081
11 0.499592 0.577027 0.0678105 0.186486
5 0.536356 0.368919 0.178922 0.737838
2 0.227941 0.487838 0.0457516 0.327027
