7 0.561683 0.791892 0.58415 0.151351
2 0.908905 0.495946 0.0743464 0.316216
2 0.6875 0.490541 0.0825163 0.337838
2 0.522467 0.487838 0.0890523 0.354054
7 0.479984 0.433784 0.959967 0.867568
7 0.482026 0.681081 0.0294118 0.0108108
2 0.970588 0.495946 0.0588235 0.310811
2 0.606618 0.489189 0.0857843 0.345946
17 0.173611 0.683784 0.178922 0.124324
5 0.188725 0.408108 0.119281 0.816216
2 0.24183 0.482432 0.104575 0.381081
2 0.339869 0.483784 0.0980392 0.372973
18 0.803513 0.37973 0.0236928 0.159459
2 0.138072 0.481081 0.111111 0.394595
5 0.794118 0.493243 0.00816993 0.408108
17 0.481618 0.672973 0.147876 0.113514
17 0.74183 0.663514 0.132353 0.105405
2 0.433007 0.486486 0.0931373 0.362162
4 0.650327 0.606757 0.0196078 0.159459
17 0.332925 0.678378 0.160948 0.118919
