7 0.643382 0.843243 0.713235 0.313514
7 0.544935 0.621622 0.0196078 0.00540541
7 0.598856 0.664865 0.333333 0.0432432
7 0.274918 0.664865 0.345588 0.0432432
2 0.700163 0.489189 0.0653595 0.248649
2 0.636846 0.489189 0.0645425 0.248649
7 0.216095 0.841892 0.43219 0.316216
19 0.851307 0.771622 0.19281 0.262162
2 0.825572 0.489189 0.0661765 0.248649
8 0.228758 0.640541 0.457516 0.0594595
2 0.763072 0.489189 0.0653595 0.248649
2 0.888889 0.489189 0.0669935 0.248649
2 0.952206 0.487838 0.0661765 0.251351
2 0.991013 0.487838 0.0179739 0.251351
2 0.511438 0.489189 0.0637255 0.248649
2 0.574346 0.489189 0.0637255 0.248649
8 0.723856 0.641892 0.552288 0.0621622
2 0.449346 0.489189 0.0637255 0.248649
2 0.200163 0.489189 0.0653595 0.248649
5 0.378676 0.331081 0.0400327 0.662162

17 0.544526 0.608108 0.0955882 0.0702703
2 0.324346 0.489189 0.0637255 0.248649
17 0.36152 0.608108 0.0972222 0.0702703
2 0.138072 0.489189 0.0653595 0.248649
17 0.635621 0.608108 0.0964052 0.0702703
17 0.726716 0.608108 0.0988562 0.0702703
18 0.772467 0.409459 0.0155229 0.110811
2 0.261846 0.489189 0.0645425 0.248649
2 0.0759804 0.489189 0.0653595 0.248649
17 0.270425 0.608108 0.0980392 0.0702703
17 0.452614 0.608108 0.0947712 0.0702703
2 0.0236928 0.489189 0.0473856 0.248649
