7 0.793709 0.837838 0.110294 0.0594595
7 0.620098 0.677027 0.413399 0.105405
7 0.344771 0.614865 0.230392 0.0189189
2 0.364379 0.491892 0.0490196 0.189189
2 0.316993 0.491892 0.0490196 0.189189
2 0.791667 0.491892 0.0490196 0.189189
2 0.55433 0.491892 0.0482026 0.189189
2 0.886846 0.491892 0.0498366 0.189189
2 0.839461 0.491892 0.0498366 0.189189
2 0.506944 0.491892 0.0482026 0.189189
8 0.259395 0.604054 0.412582 0.0405405
2 0.269199 0.491892 0.0498366 0.189189
19 0.671569 0.631081 0.0767974 0.116216
2 0.45915 0.491892 0.0490196 0.189189
2 0.934232 0.491892 0.0498366 0.189189
2 0.601716 0.491892 0.0482026 0.189189
2 0.411765 0.491892 0.0490196 0.189189
12 0.828431 0.687838 0.210784 0.105405
2 0.64951 0.491892 0.0490196 0.189189
2 0.744281 0.491892 0.0490196 0.189189
7 0.226307 0.677027 0.452614 0.105405
10 0.684641 0.336486 0.259804 0.672973
2 0.696895 0.491892 0.0490196 0.189189
17 0.330882 0.578378 0.0702614 0.0486486
10 0.832516 0.610811 0.114379 0.378378
10 0.933415 0.658108 0.13317 0.532432
2 0.0314542 0.491892 0.0498366 0.189189
17 0.397059 0.578378 0.0702614 0.0486486
17 0.595997 0.578378 0.0694444 0.0486486
2 0.0792484 0.491892 0.0506536 0.189189
17 0.662173 0.578378 0.0710784 0.0486486
10 0.866013 0.622973 0.132353 0.418919
2 0.126634 0.491892 0.0506536 0.189189
2 0.221814 0.491892 0.0498366 0.189189
2 0.174428 0.491892 0.0498366 0.189189
17 0.530229 0.578378 0.0686275 0.0486486
17 0.463644 0.578378 0.0694444 0.0486486
2 0.00449346 0.491892 0.00898693 0.189189
12 0.982843 0.891892 0.0343137 0.216216
10 0.804739 0.601351 0.101307 0.343243
12 0.926471 0.817568 0.147059 0.208108
10 0.801062 0.591892 0.0972222 0.313514
12 0.836193 0.743243 0.103758 0.140541
10 0.83701 0.591892 0.10049 0.313514
18 0.645016 0.305405 0.0236928 0.248649
18 0.695261 0.435135 0.00980392 0.0810811
5 0.640523 0.482432 0.00816993 0.613514
5 0.690359 0.493243 0.00326797 0.208108
5 0.0531046 0.490541 0.00653595 0.321622
5 0.412582 0.325676 0.0228758 0.57027
18 0.0457516 0.4 0.0212418 0.124324
