10 0.700163 0.175676 0.215686 0.351351
2 0.968954 0.647297 0.0620915 0.154054
2 0.901552 0.647297 0.0759804 0.154054
2 0.0294118 0.477027 0.0588235 0.662162
2 0.0992647 0.483784 0.0955882 0.497297
2 0.376634 0.494595 0.00980392 0.140541
2 0.367647 0.494595 0.0114379 0.151351
2 0.39134 0.494595 0.00816993 0.124324
7 0.651552 0.716216 0.520425 0.151351
2 0.95915 0.775676 0.0816993 0.340541
2 0.82598 0.677027 0.0343137 0.208108
2 0.329657 0.491892 0.0187908 0.2
2 0.224265 0.487838 0.0465686 0.332432
2 0.344363 0.493243 0.0155229 0.181081
2 0.289216 0.491892 0.0277778 0.248649
2 0.754493 0.855405 0.0808824 0.289189
7 0.45098 0.562162 0.0555556 0.0108108
2 0.261029 0.490541 0.0351307 0.283784
17 0.290033 0.636486 0.0555556 0.110811
2 0.173611 0.485135 0.0645425 0.397297
7 0.573938 0.617568 0.254085 0.0459459
2 0.836193 0.641892 0.0563725 0.164865
2 0.357026 0.493243 0.0130719 0.164865
17 0.35335 0.593243 0.0285948 0.072973
2 0.311683 0.491892 0.0220588 0.221622
17 0.372549 0.581081 0.0228758 0.0594595
17 0.386846 0.571622 0.0187908 0.0513514
5 0.892157 0.313514 0.0784314 0.627027
17 0.327614 0.610811 0.0392157 0.0864865
5 0.39665 0.494595 0.00245098 0.172973
4 0.862337 0.536486 0.0122549 0.121622
5 0.352533 0.324324 0.113562 0.648649
11 0.5 0.610811 0.0947712 0.264865
5 0.734886 0.477027 0.0138889 0.905405
5 0.729575 0.493243 0.00326797 0.22973
9 0.435458 0.490541 0.00653595 0.0243243
18 0.746324 0.209459 0.0482026 0.375676
18 0.397876 0.445946 0.00653595 0.0648649
11 0.5 0.578378 0.0375817 0.118919
18 0.735294 0.42973 0.0130719 0.0864865
