7 0.519608 0.706757 0.22549 0.0837838
7 0.569036 0.662162 0.224673 0.0594595
10 0.882761 0.308108 0.138072 0.345946
7 0.341912 0.697297 0.250817 0.102703
7 0.5 0.874324 1 0.251351
7 0.658497 0.645946 0.186275 0.0378378
7 0.469363 0.637838 0.229575 0.0540541
10 0.534314 0.341892 0.143791 0.364865
10 0.755719 0.266216 0.127451 0.348649
10 0.401552 0.513514 0.203431 0.464865
10 0.679739 0.32027 0.140523 0.375676
10 0.472222 0.318919 0.101307 0.291892
10 0.849265 0.290541 0.13317 0.316216
10 0.473039 0.325676 0.0898693 0.305405
10 0.447304 0.428378 0.18219 0.413514
10 0.473039 0.345946 0.106209 0.286486
10 0.450572 0.383784 0.162582 0.394595
10 0.662173 0.305405 0.129902 0.383784
10 0.361928 0.485135 0.187908 0.521622
10 0.615605 0.285135 0.147876 0.397297
10 0.482026 0.313514 0.0996732 0.275676
10 0.457108 0.358108 0.125 0.332432
10 0.724673 0.263514 0.138889 0.354054
10 0.799428 0.314865 0.131536 0.327027
10 0.856618 0.518919 0.0285948 0.027027
10 0.804739 0.518919 0.0130719 0.0162162
10 0.142974 0.658108 0.285948 0.683784
10 0.859069 0.522973 0.0171569 0.0243243
10 0.724265 0.644595 0.0285948 0.0405405
10 0.861111 0.544595 0.0310458 0.0297297
10 0.760212 0.647297 0.0531046 0.0351351
10 0.859477 0.677027 0.0669935 0.0513514
10 0.749592 0.672973 0.0253268 0.0540541
10 0.806781 0.655405 0.0220588 0.0459459
10 0.86683 0.527027 0.0261438 0.027027
10 0.873366 0.533784 0.0261438 0.0243243
10 0.793301 0.67973 0.0669935 0.0567568
10 0.879493 0.548649 0.0253268 0.027027
10 0.332516 0.547297 0.166667 0.527027
10 0.20384 0.567568 0.311275 0.627027
10 0.729575 0.651351 0.0539216 0.0378378
10 0.294526 0.601351 0.250817 0.597297
5 0.633987 0.321622 0.0310458 0.578378
11 0.515523 0.601351 0.132353 0.251351
10 0.751634 0.660811 0.0571895 0.0459459
