10 0.760212 0.160811 0.298203 0.321622
2 0.337827 0.493243 0.0171569 0.186486

17 0.22835 0.677027 0.0890523 0.154054
7 0.452206 0.559459 0.0531046 0.0108108
8 0.407271 0.562162 0.0612745 0.0216216
2 0.372141 0.494595 0.0106209 0.145946
2 0.321487 0.493243 0.0204248 0.208108
2 0.301471 0.491892 0.0245098 0.232432
2 0.201797 0.487838 0.0539216 0.359459
8 0.385621 0.575676 0.0800654 0.027027
7 0.414216 0.602703 0.109477 0.0432432
2 0.276961 0.490541 0.0310458 0.262162
7 0.542075 0.860811 0.91585 0.278378
2 0.380719 0.494595 0.00980392 0.135135
2 0.24469 0.489189 0.0400327 0.302703
7 0.616013 0.672973 0.397059 0.0972973
17 0.118873 0.754054 0.16585 0.243243
7 0.440768 0.572973 0.0678105 0.0162162
2 0.362337 0.494595 0.0122549 0.156757
2 0.351307 0.494595 0.0147059 0.172973
7 0.351307 0.672973 0.204248 0.0972973
11 0.499183 0.6 0.0866013 0.243243
18 0.368464 0.432432 0.00980392 0.0864865
5 0.824755 0.491892 0.00571895 0.324324
5 0.367239 0.493243 0.00245098 0.224324
18 0.833333 0.4 0.0196078 0.124324
9 0.424837 0.490541 0.00816993 0.0243243
11 0.499592 0.572973 0.0351307 0.113514
17 0.352124 0.594595 0.0294118 0.0702703
