7 0.727124 0.754054 0.0767974 0.0324324
2 0.713235 0.618919 0.0261438 0.135135
2 0.650735 0.582432 0.00245098 0.0891892
2 0.65768 0.589189 0.0147059 0.0972973
2 0.665441 0.57027 0.0318627 0.0810811
2 0.699755 0.574324 0.0383987 0.0783784
2 0.772876 0.574324 0.0375817 0.0783784
2 0.691176 0.608108 0.0212418 0.118919
2 0.781454 0.659459 0.0449346 0.183784
2 0.672794 0.597297 0.0171569 0.108108
7 0.221814 0.672973 0.0400327 0.0108108
2 0.736928 0.574324 0.0375817 0.0783784
2 0.329657 0.494595 0.0187908 0.2
5946
2 0.582108 0.641892 0.00898693 0.127027
2 0.367647 0.495946 0.0114379 0.154054
2 0.344363 0.495946 0.0155229 0.181081
2 0.311683 0.494595 0.0220588 0.221622
2 0.376634 0.497297 0.00980392 0.140541
10 0.954657 0.793243 0.0906863 0.337838
19 0.884395 0.527027 0.11683 0.248649
12 0.85866 0.641892 0.137255 0.245946
2 0.572304 0.624324 0.00735294 0.108108
2 0.610703 0.690541 0.0171569 0.175676
2 0.357026 0.495946 0.0130719 0.164865
8 0.199755 0.714865 0.39951 0.256757
2 0.39134 0.497297 0.00816993 0.124324
2 0.384395 0.495946 0.00898693 0.132432
19 0.917075 0.539189 0.16585 0.364865
2 0.594363 0.662162 0.0122549 0.145946
6 0.203023 0.893243 0.406046 0.213514
17 0.390931 0.57027 0.0171569 0.0486486
17 0.417892 0.552703 0.0106209 0.0351351
2 0.0294118 0.47973 0.0588235 0.662162
2 0.173203 0.487838 0.0653595 0.397297
17 0.410539 0.558108 0.0122549 0.0405405
2 0.289216 0.493243 0.0277778 0.245946
17 0.359886 0.590541 0.0269608 0.0675676
17 0.401961 0.563514 0.0147059 0.0459459
2 0.224265 0.490541 0.0465686 0.332432
5 0.758578 0.378378 0.0367647 0.410811
17 0.377451 0.57973 0.0212418 0.0567568
2 0.0988562 0.485135 0.0964052 0.5
2 0.261029 0.493243 0.0351307 0.283784
9 0.0163399 0.413514 0.0326797 0.178378
11 0.499183 0.641892 0.119281 0.332432
5 0.42402 0.498649 0.00163399 0.127027
18 0.424837 0.462162 0.00490196 0.0486486
18 0.659314 0.454054 0.00816993 0.0594595
18 0.582925 0.404054 0.0122549 0.121622
5 0.655637 0.497297 0.00245098 0.156757
5 0.591095 0.42027 0.252451 0.840541
5 0.581699 0.493243 0.00326797 0.316216
5 0.410131 0.364865 0.0686275 0.454054
11 0.499592 0.593243 0.0433007 0.137838
11 0.551879 0.522973 0.102124 0.159459
