19 0.593546 0.567568 0.0236928 0.0162162
7 0.616013 0.624324 0.0326797 0.0108108
19 0.636438 0.598649 0.0424837 0.0297297
8 0.25817 0.658108 0.218954 0.0945946
8 0.630719 0.658108 0.168301 0.0945946
7 0.439134 0.577027 0.0727124 0.0189189
7 0.215686 0.817568 0.431373 0.262162
7 0.502042 0.577027 0.0661765 0.0189189
6 0.379085 0.817568 0.120915 0.262162
7 0.417892 0.601351 0.102124 0.0297297
7 0.372958 0.651351 0.167484 0.0702703
8 0.585376 0.604054 0.102124 0.0513514
7 0.506944 0.817568 0.340686 0.262162
7 0.451797 0.560811 0.0571895 0.0135135
6 0.44281 0.651351 0.0375817 0.0702703
7 0.502451 0.602703 0.0915033 0.0324324
7 0.503268 0.651351 0.143791 0.0702703
19 0.572712 0.551351 0.0163399 0.0108108
6 0.462418 0.6 0.0196078 0.0324324
8 0.145016 0.832432 0.290033 0.313514
8 0.340278 0.602703 0.125 0.0486486
10 0.641748 0.567568 0.0498366 0.0810811
10 0.640114 0.566216 0.0433007 0.072973
10 0.633987 0.563514 0.0408497 0.0891892
8 0.40482 0.562162 0.0645425 0.0216216
10 0.64134 0.567568 0.0506536 0.0864865
8 0.380719 0.577027 0.0866013 0.0297297
10 0.626634 0.558108 0.0375817 0.0783784
10 0.631944 0.562162 0.0433007 0.0756757
8 0.564134 0.577027 0.0727124 0.0297297
10 0.60049 0.545946 0.0359477 0.0648649
10 0.598448 0.544595 0.0302288 0.0567568
10 0.571487 0.531081 0.0236928 0.0405405
10 0.569853 0.532432 0.0236928 0.0486486
10 0.594363 0.543243 0.0302288 0.0540541
10 0.591912 0.541892 0.0302288 0.0513514
10 0.572304 0.532432 0.0220588 0.0486486
10 0.593137 0.543243 0.0245098 0.0540541
10 0.591912 0.541892 0.0318627 0.0567568
10 0.597222 0.544595 0.0261438 0.0567568
10 0.573121 0.532432 0.0187908 0.0378378
2 0.390114 0.493243 0.00898693 0.127027
2 0.374183 0.491892 0.0114379 0.145946
12 0.96201 0.714865 0.0759804 0.381081
2 0.364379 0.491892 0.0130719 0.156757
12 0.671977 0.563514 0.0645425 0.116216
2 0.382353 0.493243 0.00980392 0.137838
12 0.732026 0.563514 0.0653595 0.116216
12 0.598448 0.524324 0.0269608 0.0486486
12 0.573121 0.524324 0.0269608 0.0486486
10 0.574346 0.532432 0.0245098 0.0486486
10 0.575163 0.532432 0.0261438 0.0432432
2 0.39665 0.493243 0.00735294 0.121622
10 0.576389 0.533784 0.0204248 0.0459459
2 0.323121 0.490541 0.0204248 0.208108
2 0.352941 0.491892 0.0147059 0.172973
2 0.303105 0.489189 0.0245098 0.232432
2 0.339461 0.491892 0.0171569 0.189189
2 0.278186 0.489189 0.0318627 0.264865
2 0.245915 0.486486 0.0408497 0.308108
5 0.421977 0.364865 0.0661765 0.437838
2 0.14134 0.482432 0.0784314 0.445946
11 0.500817 0.571622 0.0637255 0.181081
2 0.203023 0.485135 0.0547386 0.364865
2 0.0547386 0.478378 0.109477 0.572973
11 0.500817 0.552703 0.0261438 0.0837838
