19 0.375 0.556757 0.0130719 0.027027
7 0.340686 0.687838 0.21732 0.1
19 0.392157 0.548649 0.00980392 0.0216216
7 0.431373 0.585135 0.0816993 0.0243243
6 0.428513 0.687838 0.0514706 0.1
7 0.501225 0.617568 0.103758 0.0405405
7 0.502859 0.687838 0.180556 0.1
19 0.40482 0.543243 0.00898693 0.0216216
6 0.474265 0.566216 0.0106209 0.0135135
19 0.954657 0.906757 0.0906863 0.186486
6 0.455882 0.617568 0.0245098 0.0405405
19 0.625408 0.594595 0.0383987 0.027027
7 0.404412 0.617568 0.119281 0.0405405
19 0.710376 0.658108 0.0890523 0.0621622
19 0.580474 0.560811 0.0187908 0.0135135
19 0.383987 0.552703 0.0114379 0.0243243
6 0.467729 0.585135 0.0155229 0.0243243
19 0.399101 0.545946 0.00898693 0.0216216
7 0.500408 0.566216 0.0563725 0.0135135
7 0.500817 0.585135 0.0735294 0.0243243
6 0.28268 0.868919 0.277778 0.262162
19 0.56781 0.551351 0.0147059 0.0108108
10 0.695261 0.595946 0.0718954 0.110811
8 0.316993 0.618919 0.148693 0.0594595
10 0.695261 0.598649 0.0669935 0.127027
8 0.595997 0.618919 0.118464 0.0594595
8 0.395833 0.568919 0.0710784 0.0243243
8 0.553513 0.568919 0.0612745 0.0243243
10 0.709967 0.605405 0.0637255 0.12973
8 0.660539 0.694595 0.216503 0.12973
10 0.706699 0.602703 0.0653595 0.12973
8 0.367239 0.587838 0.0972222 0.0351351
10 0.946078 0.733784 0.107843 0.289189
10 0.726716 0.608108 0.0645425 0.135135
8 0.200572 0.694595 0.290033 0.12973
8 0.568627 0.587838 0.0816993 0.0351351
8 0.710784 0.613514 0.168301 0.0324324
7 0.446487 0.566216 0.0612745 0.0135135
10 0.727533 0.613514 0.0759804 0.140541
10 0.621324 0.558108 0.0416667 0.0837838
10 0.627042 0.562162 0.0334967 0.0702703
10 0.621732 0.560811 0.0392157 0.072973
10 0.61683 0.558108 0.0424837 0.0837838
10 0.734886 0.614865 0.0890523 0.159459
10 0.63031 0.562162 0.0465686 0.0756757
10 0.606209 0.551351 0.0310458 0.0648649
10 0.580882 0.539189 0.0277778 0.0459459
10 0.579657 0.537838 0.0285948 0.0486486
10 0.636029 0.567568 0.0383987 0.0864865
10 0.609069 0.552703 0.0302288 0.0675676
10 0.577614 0.536486 0.0212418 0.0405405
10 0.600082 0.548649 0.0302288 0.0486486
10 0.60866 0.552703 0.0310458 0.0675676
10 0.58415 0.540541 0.0294118 0.0486486
10 0.627859 0.562162 0.0416667 0.0810811
10 0.578023 0.537838 0.0204248 0.0432432
10 0.582925 0.540541 0.0269608 0.0486486
10 0.596405 0.547297 0.0359477 0.0621622
10 0.580882 0.540541 0.0294118 0.0540541
2 0.351307 0.491892 0.0147059 0.172973
2 0.372549 0.493243 0.0114379 0.148649
2 0.321487 0.491892 0.0204248 0.210811
2 0.337827 0.491892 0.0171569 0.189189
2 0.38848 0.494595 0.00898693 0.12973
2 0.362337 0.493243 0.0122549 0.159459
10 0.568219 0.532432 0.0220588 0.0432432
10 0.571078 0.533784 0.0196078 0.0405405
12 0.61969 0.545946 0.0449346 0.0810811
10 0.571078 0.533784 0.0245098 0.0405405
12 0.661765 0.545946 0.0457516 0.0810811
10 0.568219 0.532432 0.0236928 0.0432432
2 0.395016 0.494595 0.00735294 0.118919
10 0.56781 0.532432 0.0228758 0.0432432
10 0.569036 0.533784 0.0220588 0.0405405
2 0.380719 0.493243 0.00980392 0.137838
10 0.56781 0.532432 0.0212418 0.0432432
12 0.704248 0.545946 0.0457516 0.0810811
2 0.138889 0.485135 0.0784314 0.445946
2 0.200163 0.486486 0.0555556 0.362162
2 0.276144 0.490541 0.0310458 0.267568
2 0.243464 0.489189 0.0408497 0.308108
2 0.301062 0.490541 0.0253268 0.235135
5 0.261438 0.383784 0.205882 0.767568
2 0.0531046 0.47973 0.106209 0.575676
11 0.499592 0.545946 0.0220588 0.0702703
11 0.499183 0.558108 0.0506536 0.143243
5 0.512255 0.381081 0.0588235 0.394595
