7 0.631536 0.644595 0.0392157 0.0135135
10 0.780229 0.658108 0.114379 0.208108
10 0.801062 0.668919 0.118464 0.197297
10 0.823121 0.685135 0.139706 0.245946
2 0.650327 0.554054 0.0277778 0.0594595
10 0.743873 0.631081 0.0939542 0.148649
10 0.749183 0.636486 0.0947712 0.148649
2 0.61152 0.556757 0.00245098 0.0648649
10 0.762663 0.645946 0.0841503 0.178378
19 0.788807 0.718919 0.152778 0.108108
2 0.667484 0.590541 0.0163399 0.105405
19 0.77165 0.52027 0.0841503 0.224324
10 0.839461 0.691892 0.129902 0.216216
2 0.640931 0.575676 0.0122549 0.0864865
8 0.159314 0.75 0.318627 0.197297
2 0.630719 0.57027 0.00980392 0.0810811
8 0.308007 0.628378 0.222222 0.127027
2 0.624183 0.55 0.0245098 0.0621622
2 0.622141 0.564865 0.00898693 0.0756757
19 0.777369 0.514865 0.0678105 0.175676
7 0.313317 0.613514 0.0236928 0.00540541
12 0.972222 0.578378 0.0555556 0.140541
2 0.614379 0.560811 0.00816993 0.0675676
2 0.388889 0.493243 0.00816993 0.127027
2 0.395425 0.494595 0.00816993 0.118919
12 0.706291 0.578378 0.0759804 0.140541
12 0.91585 0.578378 0.0800654 0.140541
12 0.845997 0.578378 0.0792484 0.140541
12 0.776144 0.578378 0.0767974 0.140541
2 0.303922 0.490541 0.0245098 0.22973
2 0.339052 0.491892 0.0163399 0.189189
2 0.363971 0.491892 0.0122549 0.156757
2 0.279412 0.489189 0.0310458 0.259459
2 0.381536 0.493243 0.00980392 0.137838
2 0.352533 0.493243 0.0138889 0.17027
2 0.323121 0.490541 0.0204248 0.208108
2 0.372958 0.491892 0.0106209 0.145946
2 0.148284 0.483784 0.0743464 0.432432
2 0.060049 0.481081 0.115196 0.551351
2 0.248366 0.487838 0.0392157 0.3
5 0.711601 0.398649 0.0261438 0.332432
17 0.393382 0.566216 0.0171569 0.0513514
2 0.00571895 0.472973 0.0114379 0.762162
17 0.403595 0.559459 0.0147059 0.0432432
17 0.412173 0.554054 0.0122549 0.0378378
2 0.206699 0.486486 0.0522876 0.356757
17 0.419118 0.55 0.00980392 0.0351351
5 0.435458 0.494595 0.00163399 0.108108
5 0.428513 0.389189 0.0547386 0.362162
5 0.628268 0.494595 0.00163399 0.12973
11 0.501225 0.712162 0.319444 0.575676
5 0.557598 0.491892 0.00245098 0.221622
18 0.558007 0.42973 0.00816993 0.0864865
18 0.435866 0.464865 0.00408497 0.0432432
5 0.265523 0.558108 0.00326797 0.283784
9 0.26634 0.456757 0.0261438 0.0810811
18 0.631536 0.459459 0.00653595 0.0486486
