3 0.564134 0.6 0.0367647 0.0216216
6 0.431781 0.67973 0.0482026 0.0945946
6 0.457108 0.613514 0.0236928 0.0378378
6 0.312092 0.863514 0.227124 0.272973
19 0.791258 0.72027 0.154412 0.110811
7 0.348039 0.681081 0.205882 0.0918919
8 0.654003 0.686486 0.205065 0.124324
7 0.407271 0.614865 0.115196 0.0405405
7 0.502859 0.681081 0.172386 0.0918919
7 0.501634 0.614865 0.101307 0.0405405
7 0.500817 0.583784 0.0718954 0.0216216
8 0.397876 0.568919 0.0702614 0.0243243
10 0.778186 0.639189 0.102124 0.17027
10 0.788399 0.644595 0.0882353 0.164865
8 0.593546 0.617568 0.115196 0.0567568
10 0.767974 0.636486 0.102941 0.148649
10 0.801471 0.648649 0.122549 0.194595
8 0.567402 0.585135 0.0792484 0.0351351
10 0.749592 0.624324 0.0776144 0.140541
8 0.213644 0.686486 0.273693 0.124324

12 0.853758 0.581081 0.0833333 0.145946
10 0.745915 0.618919 0.0767974 0.162162
8 0.321895 0.617568 0.143791 0.0567568
12 0.705474 0.581081 0.0808824 0.145946
8 0.370098 0.585135 0.0947712 0.0351351
10 0.56781 0.532432 0.0212418 0.0432432
10 0.828023 0.662162 0.105392 0.194595
10 0.631127 0.564865 0.0416667 0.0864865
10 0.571078 0.533784 0.0196078 0.0351351
10 0.624592 0.562162 0.0465686 0.0810811
10 0.569853 0.533784 0.0220588 0.0459459
10 0.627859 0.562162 0.0433007 0.0702703
12 0.660131 0.547297 0.0441176 0.0837838
10 0.569036 0.532432 0.0204248 0.0378378
10 0.622141 0.562162 0.0449346 0.0810811
12 0.581291 0.531081 0.0302288 0.0567568
12 0.618464 0.547297 0.0441176 0.0837838
10 0.634804 0.564865 0.0424837 0.0756757
10 0.622141 0.560811 0.0351307 0.0837838
10 0.618873 0.558108 0.0351307 0.072973
2 0.339052 0.491892 0.0163399 0.189189
2 0.278595 0.490541 0.0310458 0.262162
2 0.363971 0.493243 0.0122549 0.159459
2 0.389297 0.494595 0.00898693 0.12973
2 0.352533 0.493243 0.0138889 0.17027
2 0.381944 0.494595 0.00898693 0.135135
2 0.323121 0.493243 0.0204248 0.208108
2 0.373366 0.494595 0.0114379 0.145946
2 0.303105 0.491892 0.0245098 0.232432
2 0.395833 0.494595 0.00735294 0.118919
2 0.0563725 0.481081 0.112745 0.562162
2 0.144608 0.483784 0.0767974 0.437838
2 0.204248 0.487838 0.0539216 0.359459
2 0.247141 0.489189 0.0400327 0.302703
5 0.514706 0.351351 0.0735294 0.491892
11 0.499592 0.582432 0.0710784 0.197297
11 0.499592 0.559459 0.0285948 0.0918919
