19 0.0849673 0.695946 0.0833333 0.105405
2 0.566993 0.535135 0.00326797 0.0378378
7 0.501225 0.622973 0.110294 0.0459459
6 0.453431 0.621622 0.0261438 0.0432432
7 0.326389 0.704054 0.239379 0.116216
7 0.502451 0.702703 0.197712 0.118919
2 0.5625 0.532432 0.00245098 0.0378378
6 0.207108 0.87973 0.414216 0.240541
19 0.922386 0.882432 0.155229 0.235135

6 0.422794 0.701351 0.0580065 0.116216
19 0.618464 0.508108 0.0228758 0.0918919
19 0.746732 0.685135 0.117647 0.0837838
19 0.646242 0.606757 0.0473856 0.0297297
19 0.169935 0.655405 0.0571895 0.0783784
7 0.500408 0.587838 0.0759804 0.0243243
19 0.584559 0.563514 0.0204248 0.0135135
6 0.466503 0.587838 0.0163399 0.0243243
8 0.674428 0.709459 0.239379 0.148649
8 0.60049 0.625676 0.125817 0.0621622
7 0.428922 0.587838 0.0849673 0.0243243
8 0.362745 0.589189 0.101307 0.0378378
8 0.175245 0.709459 0.324346 0.148649
8 0.308007 0.625676 0.158497 0.0621622
7 0.444853 0.568919 0.0629085 0.0135135
8 0.57067 0.589189 0.0841503 0.0378378
10 0.642565 0.571622 0.0531046 0.0891892
10 0.609069 0.554054 0.0318627 0.0702703
10 0.64134 0.57027 0.0473856 0.0756757
10 0.916667 0.705405 0.166667 0.232432
10 0.602941 0.551351 0.0392157 0.0756757
10 0.605392 0.552703 0.0359477 0.072973
10 0.637255 0.567568 0.0490196 0.0918919
10 0.60335 0.551351 0.0334967 0.0648649
10 0.654003 0.574324 0.0580065 0.0945946
10 0.737745 0.62027 0.0931373 0.159459
10 0.72549 0.612162 0.0833333 0.148649
10 0.603758 0.55 0.0343137 0.0513514
10 0.735294 0.62027 0.0767974 0.164865
10 0.634395 0.566216 0.0383987 0.0837838
10 0.632761 0.566216 0.0482026 0.0891892
10 0.758987 0.632432 0.0767974 0.167568
10 0.730801 0.612162 0.0890523 0.148649
10 0.649918 0.571622 0.0498366 0.0945946
10 0.919118 0.716216 0.161765 0.254054
10 0.765114 0.62973 0.103758 0.162162
10 0.782271 0.640541 0.0955882 0.167568
8 0.392974 0.57027 0.0735294 0.027027
10 0.586601 0.545946 0.0310458 0.0486486
10 0.585376 0.545946 0.0302288 0.0594595
10 0.582108 0.545946 0.0285948 0.0540541
10 0.611111 0.554054 0.0392157 0.0648649
2 0.370098 0.493243 0.0114379 0.148649
10 0.582108 0.543243 0.0253268 0.0432432
12 0.580474 0.52973 0.0285948 0.0540541
10 0.587827 0.547297 0.0302288 0.0621622
2 0.379085 0.494595 0.00980392 0.140541
2 0.333333 0.491892 0.0179739 0.194595
2 0.347631 0.493243 0.0155229 0.175676
10 0.613154 0.554054 0.0302288 0.0702703
2 0.386438 0.494595 0.00816993 0.12973
10 0.581291 0.543243 0.0285948 0.0486486
2 0.392974 0.494595 0.00816993 0.124324
12 0.634804 0.52973 0.0294118 0.0540541
10 0.590278 0.548649 0.0318627 0.0486486
2 0.359477 0.493243 0.0130719 0.164865
12 0.607435 0.52973 0.0285948 0.0540541
2 0.186683 0.485135 0.0596405 0.381081
2 0.268382 0.489189 0.0334967 0.275676
11 0.499592 0.516216 0.0351307 0.108108
11 0.499592 0.575676 0.0661765 0.183784
11 0.499592 0.551351 0.0253268 0.0810811
2 0.316176 0.491892 0.0212418 0.216216
2 0.118873 0.483784 0.0874183 0.47027
2 0.23366 0.489189 0.0441176 0.318919
9 0.420752 0.485135 0.00816993 0.0297297
5 0.51634 0.405405 0.0457516 0.308108
2 0.295343 0.490541 0.0269608 0.240541
