10 0.351307 0.548649 0.0114379 0.0324324
10 0.377042 0.539189 0.00898693 0.0243243
10 0.355801 0.547297 0.0106209 0.0297297
10 0.372958 0.540541 0.00898693 0.027027
10 0.354167 0.547297 0.0106209 0.0297297
10 0.376225 0.540541 0.00898693 0.027027
10 0.333742 0.555405 0.0122549 0.0351351
10 0.336193 0.552703 0.0122549 0.0351351
10 0.384395 0.536486 0.00898693 0.0243243
10 0.385621 0.536486 0.00816993 0.0243243
10 0.381536 0.539189 0.00816993 0.0243243
10 0.362745 0.544595 0.00980392 0.0297297
10 0.364379 0.544595 0.00980392 0.0297297
10 0.349673 0.548649 0.0114379 0.0324324
10 0.341503 0.551351 0.0114379 0.0324324
10 0.368056 0.543243 0.00898693 0.027027
10 0.374183 0.540541 0.00980392 0.027027
10 0.339461 0.552703 0.0122549 0.0351351
19 0.354984 0.560811 0.0106209 0.0243243
19 0.35049 0.563514 0.0114379 0.0243243
19 0.373366 0.554054 0.00816993 0.0216216
19 0.363562 0.558108 0.00980392 0.0243243
19 0.376634 0.551351 0.00816993 0.0216216
19 0.384804 0.548649 0.00816993 0.0216216
19 0.382353 0.548649 0.00816993 0.0216216
19 0.367239 0.555405 0.00898693 0.0243243
20 0.958333 0.637838 0.0833333 0.410811
19 0.340278 0.567568 0.0122549 0.027027
7 0.0976307 0.743243 0.0906863 0.0324324
7 0.70915 0.743243 0.0702614 0.0324324
7 0.458333 0.62027 0.0343137 0.0135135
19 0.334967 0.57027 0.0130719 0.027027
10 0.225899 0.556757 0.0645425 0.0918919
11 0.599265 0.509459 0.0514706 0.0783784
7 0.414624 0.602703 0.105392 0.0378378
20 0.811683 0.628378 0.0351307 0.105405
10 0.58415 0.422973 0.104575 0.3
19 0.221405 0.598649 0.0326797 0.0837838
7 0.499183 0.556757 0.0473856 0.0108108
2 0.0866013 0.639189 0.0571895 0.159459
12 0.61969 0.568919 0.0645425 0.0297297
2 0.174837 0.606757 0.0359477 0.121622
7 0.609886 0.668919 0.384804 0.0945946
12 0.570261 0.548649 0.00980392 0.0216216
12 0.0490196 0.578378 0.0751634 0.135135
19 0.580065 0.560811 0.0310458 0.0513514
7 0.453431 0.556757 0.0506536 0.0108108
7 0.439134 0.572973 0.0727124 0.0216216
8 0.35049 0.6 0.156863 0.0864865
7 0.356209 0.666216 0.194444 0.0891892
2 0.136029 0.62027 0.0449346 0.137838
7 0.561683 0.602703 0.216503 0.0378378
7 0.5 0.572973 0.0653595 0.0216216
12 0.573938 0.545946 0.0187908 0.0162162
10 0.604575 0.533784 0.0261438 0.116216
10 0.576797 0.522973 0.0196078 0.0837838
12 0.387255 0.52973 0.00980392 0.0540541
12 0.360703 0.52973 0.0498366 0.0540541
12 0.113154 0.578378 0.0743464 0.135135
10 0.582108 0.525676 0.0204248 0.0891892
10 0.579248 0.524324 0.0196078 0.0864865
10 0.598039 0.531081 0.0245098 0.110811
12 0.176879 0.578378 0.0727124 0.135135
10 0.608252 0.535135 0.0269608 0.118919
10 0.600899 0.532432 0.0253268 0.113514
12 0.67116 0.571622 0.0433007 0.0243243
10 0.651961 0.535135 0.0326797 0.124324
10 0.69567 0.535135 0.0351307 0.124324
10 0.591503 0.52973 0.0228758 0.102703
10 0.710376 0.533784 0.0351307 0.121622
10 0.724673 0.533784 0.0359477 0.121622
12 0.705882 0.571622 0.0441176 0.0243243
10 0.622549 0.535135 0.0310458 0.124324
10 0.739379 0.533784 0.0359477 0.121622
12 0.741013 0.571622 0.0441176 0.0243243
10 0.594363 0.531081 0.0236928 0.105405
12 0.810458 0.571622 0.0441176 0.0243243
10 0.588644 0.528378 0.0220588 0.1
10 0.585784 0.528378 0.0212418 0.1
12 0.775735 0.571622 0.0449346 0.0243243
10 0.754085 0.533784 0.0375817 0.121622
10 0.636846 0.535135 0.0318627 0.124324
10 0.680964 0.535135 0.0334967 0.124324
18 0.697712 0.437838 0.00980392 0.0756757
10 0.783088 0.533784 0.0383987 0.121622
10 0.797794 0.533784 0.0383987 0.121622
18 0.631944 0.316216 0.0220588 0.232432
5 0.431781 0.393243 0.0531046 0.348649
5 0.732435 0.322973 0.0580065 0.645946
5 0.628676 0.485135 0.00735294 0.575676
5 0.280229 0.366216 0.179739 0.732432
10 0.768791 0.533784 0.0375817 0.121622
5 0.69281 0.494595 0.00326797 0.2
5 0.403595 0.494595 0.00163399 0.156757
11 0.451797 0.527027 0.0571895 0.0702703
18 0.404412 0.451351 0.00490196 0.0594595
