10 0.313725 0.563514 0.0147059 0.0405405
7 0.364379 0.581081 0.0212418 0.00540541
6 0.446078 0.639189 0.0326797 0.0567568
7 0.269199 0.760811 0.33415 0.181081
7 0.500408 0.640541 0.128268 0.0594595
7 0.500817 0.593243 0.0866013 0.0351351
7 0.501225 0.760811 0.265523 0.181081
6 0.398693 0.759459 0.0882353 0.183784
7 0.539624 0.567568 0.138072 0.0162162
7 0.38317 0.640541 0.150327 0.0594595
7 0.40482 0.567568 0.144608 0.0162162
12 0.0955882 0.616216 0.0964052 0.216216
12 0.71201 0.625676 0.0776144 0.0459459

1 0.816993 0.316216 0.366013 0.572973

8 0.615605 0.643243 0.147876 0.0810811
10 0.562908 0.439189 0.0800654 0.235135
1 0.164216 0.348649 0.251634 0.518919
12 0.98366 0.843243 0.0326797 0.12973
12 0.786356 0.625676 0.0792484 0.0459459
12 0.163807 0.595946 0.0678105 0.175676

7 0.420343 0.593243 0.10049 0.0351351
8 0.72835 0.771622 0.330882 0.224324
17 0.549837 0.540541 0.0359477 0.027027
17 0.411356 0.540541 0.0367647 0.027027
12 0.0330882 0.65 0.0661765 0.278378
10 0.655637 0.55 0.0400327 0.17027
10 0.627859 0.540541 0.0318627 0.140541
10 0.632761 0.541892 0.0334967 0.143243
10 0.678513 0.556757 0.0482026 0.194595
10 0.637663 0.543243 0.0351307 0.151351
10 0.615605 0.536486 0.0285948 0.127027
10 0.669935 0.554054 0.0457516 0.183784
10 0.623366 0.539189 0.0310458 0.132432
10 0.697712 0.563514 0.0555556 0.213514
17 0.515523 0.540541 0.0359477 0.027027
10 0.649101 0.545946 0.0383987 0.162162
10 0.61152 0.535135 0.0269608 0.124324
10 0.6875 0.559459 0.0514706 0.205405
10 0.643382 0.545946 0.0367647 0.156757
10 0.619281 0.537838 0.0294118 0.12973
10 0.662582 0.551351 0.0424837 0.178378
10 0.732026 0.563514 0.0637255 0.213514
12 0.625817 0.589189 0.0179739 0.0378378
12 0.668709 0.62027 0.0302288 0.0567568
10 0.602124 0.531081 0.0245098 0.110811
10 0.604984 0.532432 0.0253268 0.113514
10 0.870507 0.628378 0.151144 0.42973
12 0.651552 0.608108 0.0253268 0.0486486
10 0.599265 0.531081 0.0236928 0.110811
12 0.600082 0.571622 0.0122549 0.0297297
12 0.593954 0.567568 0.0114379 0.027027
12 0.607435 0.575676 0.0138889 0.0324324
10 0.917075 0.648649 0.16585 0.502703
12 0.637255 0.597297 0.0212418 0.0432432
12 0.616013 0.582432 0.0163399 0.0351351
10 0.60866 0.533784 0.0261438 0.116216
11 0.222222 0.687838 0.367647 0.451351
5 0.455882 0.414865 0.00816993 0.278378
11 0.462827 0.527027 0.0547386 0.0702703
11 0.416258 0.560811 0.0923203 0.105405
5 0.599265 0.495946 0.000816993 0.110811
10 0.616422 0.52973 0.0269608 0.102703
5 0.538399 0.494595 0.00163399 0.167568
10 0.60335 0.52973 0.0269608 0.102703
18 0.602124 0.466216 0.00490196 0.0405405
10 0.75817 0.563514 0.0653595 0.213514
5 0.313317 0.495946 0.00245098 0.132432
18 0.310458 0.458108 0.00653595 0.0513514
18 0.538399 0.448649 0.00490196 0.0648649
5 0.524918 0.324324 0.111928 0.648649
