6 0.910131 0.595946 0.155229 0.0027027
7 0.770425 0.605405 0.248366 0.0162162
8 0.75817 0.763514 0.423203 0.3
7 0.513072 0.633784 0.137255 0.0351351
7 0.50531 0.764865 0.286765 0.227027
10 0.718137 0.643243 0.173203 0.232432
8 0.784722 0.62973 0.40768 0.0486486
10 0.724673 0.416216 0.210784 0.518919
7 0.888072 0.590541 0.191176 0.0135135
7 0.917484 0.605405 0.165033 0.0162162
2 0.96201 0.493243 0.0416667 0.154054
2 0.613562 0.491892 0.54085 0.205405
6 0.669526 0.735135 0.660948 0.281081
17 0.472631 0.589189 0.293301 0.0918919
7 0.732026 0.590541 0.20915 0.0135135
7 0.259395 0.764865 0.370098 0.227027
7 0.580882 0.591892 0.140523 0.0162162
8 0.618056 0.586486 0.425654 0.0324324
7 0.402778 0.628378 0.148693 0.0459459
8 0.9375 0.581081 0.125 0.0216216
8 0.841095 0.581081 0.162582 0.0216216
7 0.547386 0.614865 0.150327 0.0297297
5 0.615605 0.577027 0.00408497 0.364865
5 0.616422 0.366216 0.0220588 0.440541
11 0.564951 0.556757 0.0661765 0.135135
2 0.80719 0.493243 0.0408497 0.154054
9 0.616422 0.445946 0.0334967 0.108108
5 0.344363 0.327027 0.118464 0.654054
2 0.845588 0.493243 0.0408497 0.154054
2 0.923203 0.493243 0.0408497 0.154054
2 0.884804 0.493243 0.0408497 0.154054
