10 0.231209 0.721622 0.173203 0.556757
6 0.420343 0.705405 0.0612745 0.118919
19 0.726716 0.639189 0.0351307 0.127027
19 0.947304 0.714865 0.105392 0.0297297
7 0.444444 0.568919 0.0637255 0.0135135
19 0.831699 0.677027 0.0653595 0.0945946
19 0.79085 0.681081 0.0539216 0.167568
6 0.452206 0.622973 0.0269608 0.0459459
19 0.705474 0.624324 0.0285948 0.113514
19 0.756944 0.656757 0.0433007 0.145946
1 0.784314 0.318919 0.431373 0.556757
19 0.816176 0.691892 0.0212418 0.162162
1 0.829657 0.195946 0.0498366 0.148649
7 0.321895 0.706757 0.246732 0.121622
6 0.205474 0.882432 0.410948 0.235135
6 0.465686 0.587838 0.0163399 0.0243243
7 0.427696 0.587838 0.0857843 0.0243243
7 0.5 0.587838 0.0767974 0.0243243
19 0.582516 0.540541 0.00653595 0.0594595
8 0.305964 0.627027 0.160948 0.0648649
8 0.168301 0.713514 0.333333 0.151351
8 0.36152 0.589189 0.102124 0.0378378
8 0.392565 0.57027 0.0743464 0.027027
7 0.500408 0.622973 0.110294 0.0459459
7 0.501225 0.706757 0.201797 0.121622
2 0.363154 0.493243 0.0122549 0.154054
2 0.372141 0.493243 0.0106209 0.143243
2 0.351716 0.493243 0.0138889 0.17027
8 0.676879 0.713514 0.244281 0.151351
2 0.380719 0.494595 0.00980392 0.135135
2 0.388072 0.494595 0.00816993 0.124324
19 0.549428 0.531081 0.00571895 0.0405405
5 0.516748 0.339189 0.0792484 0.532432
2 0.0686275 0.481081 0.107843 0.52973
19 0.640114 0.689189 0.0367647 0.205405
1 0.624592 0.412162 0.160948 0.316216
2 0.248775 0.489189 0.0383987 0.291892
11 0.499592 0.552703 0.0253268 0.0783784
5 0.443627 0.410811 0.0441176 0.291892
11 0.499592 0.571622 0.0629085 0.175676
2 0.152369 0.485135 0.0710784 0.418919
2 0.27982 0.490541 0.0302288 0.256757
2 0.303513 0.491892 0.0236928 0.227027
2 0.338235 0.491892 0.0163399 0.183784
2 0.322712 0.491892 0.0196078 0.205405
2 0.208333 0.486486 0.0506536 0.345946
