20 0.588235 0.640541 0.0212418 0.0162162
20 0.822712 0.598649 0.0261438 0.0567568
20 0.801062 0.544595 0.0253268 0.0513514
7 0.403186 0.618919 0.123366 0.0432432
7 0.457516 0.555405 0.0506536 0.00810811
2 0.186275 0.683784 0.0457516 0.178378
7 0.241422 0.658108 0.0498366 0.0135135
2 0.228758 0.656757 0.0343137 0.151351
6 0.236928 0.875676 0.362745 0.248649
6 0.426062 0.695946 0.0563725 0.110811
6 0.456291 0.618919 0.0253268 0.0432432
7 0.43219 0.586486 0.0833333 0.0216216
2 0.125 0.72027 0.0637255 0.218919
20 0.617647 0.622973 0.0473856 0.0243243
6 0.468954 0.586486 0.0163399 0.0216216
7 0.448121 0.567568 0.0629085 0.0162162
19 0.572712 0.581081 0.0424837 0.0756757
7 0.661356 0.668919 0.0465686 0.0189189
19 0.781863 0.618919 0.0653595 0.113514
6 0.476307 0.567568 0.0114379 0.0162162
19 0.886846 0.597297 0.226307 0.475676
8 0.39665 0.568919 0.0727124 0.0243243
7 0.502859 0.618919 0.107026 0.0432432
7 0.502451 0.695946 0.189542 0.110811
8 0.572304 0.589189 0.0825163 0.0378378
8 0.669935 0.704054 0.228758 0.143243
8 0.556373 0.568919 0.0620915 0.0243243
7 0.502451 0.567568 0.0571895 0.0162162
7 0.333742 0.695946 0.231209 0.110811
8 0.60049 0.622973 0.122549 0.0621622
7 0.502859 0.555405 0.0465686 0.00810811
7 0.502451 0.586486 0.0751634 0.0216216
8 0.189134 0.702703 0.308007 0.140541
1 0.287173 0.401351 0.162582 0.386486
1 0.144608 0.177027 0.289216 0.354054
1 0.291667 0.154054 0.168301 0.205405
1 0.800654 0.143243 0.236928 0.286486
1 0.800654 0.328378 0.236928 0.175676
5 0.511438 0.42027 0.0392157 0.262162
5 0.424428 0.372973 0.0629085 0.416216
19 0.101716 0.645946 0.0400327 0.156757
1 0.144608 0.177027 0.289216 0.354054
11 0.502859 0.539189 0.0285948 0.0621622
1 0.804739 0.487838 0.227124 0.208108
1 0.291667 0.154054 0.168301 0.205405
1 0.144608 0.47027 0.289216 0.491892
20 0.291667 0.581081 0.0196078 0.0648649
5 0.53268 0.352703 0.153595 0.705405
1 0.287173 0.401351 0.162582 0.386486
1 0.144608 0.47027 0.289216 0.491892
