20 0.984886 0.667568 0.0302288 0.0972973
20 0.961193 0.687838 0.0563725 0.0243243
7 0.873366 0.898649 0.145425 0.0783784
19 0.610294 0.62973 0.0784314 0.135135
20 0.706291 0.721622 0.0923203 0.0486486
20 0.664624 0.774324 0.0547386 0.0567568
20 0.984069 0.574324 0.0318627 0.0891892
10 0.41585 0.510811 0.0147059 0.0540541
7 0.397876 0.621622 0.125817 0.0432432
7 0.443627 0.568919 0.0637255 0.0135135
6 0.206699 0.878378 0.410131 0.243243
7 0.427288 0.587838 0.0849673 0.0243243
7 0.325572 0.7 0.237745 0.113514
7 0.453431 0.556757 0.0506536 0.0108108
6 0.472222 0.568919 0.0114379 0.0135135
6 0.451797 0.621622 0.0261438 0.0432432
6 0.420752 0.7 0.0588235 0.113514
6 0.464869 0.587838 0.0163399 0.0243243
19 0.430964 0.532432 0.00408497 0.0432432
7 0.498775 0.556757 0.0465686 0.0108108
1 0.187908 0.355405 0.256536 0.57027
19 0.415033 0.541892 0.0212418 0.0351351
12 0.783088 0.535135 0.340686 0.124324
1 0.187908 0.355405 0.256536 0.57027
5 0.509804 0.404054 0.0473856 0.316216
7 0.498775 0.7 0.193627 0.113514
8 0.361928 0.589189 0.101307 0.0378378
8 0.597631 0.624324 0.123366 0.0648649
8 0.553105 0.57027 0.0620915 0.027027
8 0.568627 0.589189 0.0833333 0.0378378
20 0.158905 0.631081 0.0367647 0.105405
8 0.668301 0.706757 0.23366 0.143243
7 0.498775 0.568919 0.0580065 0.0135135
7 0.498775 0.621622 0.10866 0.0432432
7 0.498366 0.587838 0.0751634 0.0243243
8 0.392157 0.57027 0.0735294 0.027027
1 0.799837 0.316216 0.352941 0.232432
1 0.797386 0.260811 0.344771 0.143243
11 0.498775 0.539189 0.0285948 0.0621622
1 0.874183 0.483784 0.251634 0.291892
5 0.390114 0.324324 0.0874183 0.578378
1 0.299428 0.405405 0.191993 0.340541
1 0.794935 0.47973 0.333333 0.218919
