10 0.200572 0.754054 0.118464 0.491892
10 0.202614 0.606757 0.155229 0.667568
10 0.171977 0.695946 0.160948 0.608108
2 0.371324 0.491892 0.0106209 0.145946
19 0.671569 0.712162 0.120915 0.197297
7 0.373366 0.643243 0.171569 0.0810811
8 0.145425 0.82027 0.29085 0.294595
8 0.773284 0.817568 0.409314 0.294595
7 0.221814 0.805405 0.41585 0.243243
7 0.500408 0.805405 0.322712 0.243243
7 0.501225 0.643243 0.146242 0.0810811
10 0.660539 0.345946 0.111928 0.691892
2 0.379493 0.491892 0.00898693 0.135135
6 0.379493 0.805405 0.115196 0.243243
8 0.281046 0.644595 0.263072 0.148649
2 0.386846 0.493243 0.00898693 0.127027
10 0.207925 0.736486 0.151144 0.527027
2 0.301879 0.489189 0.0236928 0.227027
2 0.33701 0.491892 0.0171569 0.183784
2 0.36152 0.491892 0.0122549 0.156757
2 0.277778 0.487838 0.0294118 0.256757
2 0.247141 0.487838 0.0383987 0.294595
2 0.321078 0.490541 0.0196078 0.202703
2 0.350082 0.491892 0.0138889 0.167568
2 0.206291 0.485135 0.0514706 0.343243
17 0.400327 0.560811 0.0147059 0.0459459
5 0.425245 0.383784 0.0563725 0.372973
2 0.14951 0.483784 0.0718954 0.416216
17 0.416258 0.551351 0.0106209 0.0378378
2 0.065768 0.47973 0.10866 0.527027
17 0.390114 0.568919 0.0171569 0.0513514
17 0.422386 0.547297 0.00980392 0.0351351
17 0.408905 0.555405 0.0122549 0.0405405
5 0.25 0.375676 0.196078 0.751351
9 0.305147 0.464865 0.0204248 0.0648649
5 0.30433 0.544595 0.00245098 0.224324
18 0.559641 0.410811 0.0114379 0.108108
5 0.558824 0.490541 0.00326797 0.278378
11 0.596405 0.548649 0.0424837 0.0756757
5 0.628268 0.494595 0.00163399 0.135135
11 0.498775 0.572973 0.0661765 0.183784
