10 0.21732 0.695946 0.133987 0.608108
10 0.333742 0.532432 0.120098 0.508108
10 0.316176 0.555405 0.133987 0.521622
10 0.229984 0.691892 0.142974 0.616216
10 0.200572 0.710811 0.159314 0.578378
8 0.360703 0.598649 0.156046 0.0837838
2 0.581699 0.535135 0.0147059 0.0324324
7 0.378268 0.655405 0.171569 0.072973
2 0.620915 0.535135 0.0147059 0.0324324
10 0.269608 0.612162 0.122549 0.591892
7 0.511438 0.832432 0.354575 0.281081
2 0.561275 0.535135 0.0130719 0.0324324
2 0.545752 0.533784 0.00980392 0.0297297
6 0.379902 0.828378 0.129085 0.272973
10 0.609069 0.568919 0.0269608 0.0837838
10 0.618464 0.558108 0.0245098 0.072973
10 0.627859 0.554054 0.0318627 0.0756757
7 0.509804 0.655405 0.145425 0.072973
6 0.448938 0.655405 0.0400327 0.072973
8 0.26348 0.659459 0.219771 0.0972973
2 0.602124 0.535135 0.0147059 0.0324324
8 0.640931 0.662162 0.172386 0.0972973
10 0.207516 0.627027 0.22549 0.745946
7 0.218546 0.828378 0.437092 0.278378
2 0.222631 0.486486 0.0498366 0.340541
2 0.314951 0.490541 0.0236928 0.224324
2 0.167892 0.483784 0.0694444 0.410811
2 0.373775 0.493243 0.0122549 0.154054
2 0.33415 0.490541 0.0196078 0.202703
2 0.349673 0.491892 0.0163399 0.183784
2 0.261846 0.487838 0.0367647 0.289189
2 0.291667 0.489189 0.0294118 0.254054
2 0.0216503 0.475676 0.0433007 0.697297
2 0.398693 0.493243 0.00816993 0.127027
2 0.382761 0.493243 0.0106209 0.143243
2 0.39134 0.493243 0.00980392 0.132432
2 0.362337 0.491892 0.0138889 0.167568
2 0.0874183 0.481081 0.104575 0.518919
11 0.508578 0.578378 0.0383987 0.118919
11 0.50817 0.586486 0.0751634 0.210811
17 0.430556 0.55 0.00980392 0.0351351
17 0.436683 0.545946 0.00898693 0.0324324
5 0.548203 0.493243 0.00163399 0.181081
5 0.447712 0.402703 0.0473856 0.313514
17 0.42402 0.555405 0.0114379 0.0405405
5 0.618464 0.494595 0.00163399 0.113514
18 0.548203 0.443243 0.00653595 0.0702703
17 0.44567 0.540541 0.00735294 0.027027
18 0.620915 0.462162 0.00490196 0.0432432
17 0.441176 0.543243 0.00816993 0.0324324
4 0.658905 0.524324 0.00735294 0.0864865
