1 0.575572 0.289189 0.0433007 0.124324
1 0.198121 0.360811 0.252451 0.467568
7 0.499592 0.591892 0.0792484 0.027027
7 0.391748 0.62973 0.136438 0.0486486
2 0.738562 0.841892 0.0735294 0.316216
7 0.424837 0.591892 0.0898693 0.027027
2 0.368464 0.543243 0.00490196 0.0378378
6 0.464461 0.591892 0.0171569 0.027027
10 0.551471 0.509459 0.0130719 0.0459459
2 0.390931 0.535135 0.00408497 0.0324324
2 0.376225 0.540541 0.00408497 0.0378378
19 0.92402 0.760811 0.151961 0.472973
20 0.564951 0.6 0.0187908 0.0594595
6 0.449346 0.62973 0.0294118 0.0486486
6 0.411356 0.724324 0.0710784 0.140541
2 0.384395 0.537838 0.00408497 0.0324324
20 0.588235 0.605405 0.0212418 0.0648649
6 0.199755 0.897297 0.39951 0.205405
7 0.302696 0.724324 0.276961 0.140541
7 0.498775 0.724324 0.223039 0.140541
20 0.589461 0.544595 0.0204248 0.0621622
2 0.65482 0.758108 0.0318627 0.262162
2 0.613562 0.687838 0.0179739 0.186486
5 0.528595 0.495946 0.00163399 0.127027
5 0.509804 0.408108 0.0457516 0.302703
1 0.721814 0.490541 0.0792484 0.375676
19 0.551471 0.536486 0.0179739 0.0297297
8 0.294526 0.632432 0.172386 0.0702703
8 0.356209 0.593243 0.107843 0.0405405
5 0.42402 0.381081 0.0588235 0.389189
8 0.693219 0.733784 0.272059 0.175676
18 0.528595 0.459459 0.00326797 0.0486486
8 0.605801 0.632432 0.134804 0.0702703
8 0.162173 0.733784 0.324346 0.175676
5 0.522876 0.316216 0.0980392 0.632432
11 0.5 0.556757 0.0408497 0.0864865
11 0.499183 0.540541 0.0735294 0.0864865
