10 0.196895 0.474324 0.197712 0.948649
1 0.546569 0.451351 0.0375817 0.108108
1 0.552696 0.444595 0.0433007 0.121622
8 0.396242 0.568919 0.0702614 0.0243243
8 0.208333 0.689189 0.279412 0.124324
6 0.46732 0.583784 0.0147059 0.0216216
8 0.319444 0.618919 0.145425 0.0594595
8 0.368464 0.587838 0.0964052 0.0351351
19 0.610703 0.554054 0.0122549 0.0756757
6 0.300245 0.864865 0.244281 0.27027
7 0.446487 0.566216 0.0612745 0.0135135
7 0.571078 0.606757 0.0261438 0.00810811
8 0.654003 0.689189 0.208333 0.124324
1 0.758987 0.477027 0.310458 0.305405
7 0.431373 0.583784 0.0800654 0.0216216
1 0.665441 0.298649 0.275327 0.597297
19 0.55433 0.57027 0.0334967 0.0594595
6 0.42933 0.682432 0.0498366 0.0945946
10 0.55433 0.4 0.0318627 0.324324
7 0.40482 0.614865 0.11683 0.0405405
20 0.616013 0.587838 0.0212418 0.0189189
1 0.541667 0.456757 0.0326797 0.0972973
6 0.455474 0.614865 0.0236928 0.0405405
7 0.343546 0.683784 0.209967 0.0972973
1 0.752859 0.245946 0.322712 0.27027
2 0.392565 0.495946 0.00735294 0.121622
1 0.752859 0.245946 0.322712 0.27027
1 0.752859 0.106757 0.322712 0.213514
2 0.385621 0.495946 0.00816993 0.127027
2 0.378268 0.494595 0.00980392 0.135135
1 0.752859 0.106757 0.322712 0.213514
2 0.36969 0.494595 0.0106209 0.145946
2 0.296977 0.491892 0.0253268 0.232432
11 0.499183 0.572973 0.0637255 0.178378
2 0.13317 0.485135 0.0784314 0.440541
2 0.195261 0.487838 0.0555556 0.359459
2 0.348039 0.494595 0.0147059 0.172973
5 0.543301 0.404054 0.228758 0.808108
2 0.33415 0.493243 0.0179739 0.186486
19 0.526552 0.535135 0.00571895 0.0378378
2 0.317402 0.493243 0.0204248 0.208108
5 0.413399 0.368919 0.0653595 0.435135
2 0.359477 0.494595 0.0130719 0.156757
11 0.499183 0.551351 0.0245098 0.0756757
2 0.27165 0.490541 0.0318627 0.262162
2 0.238971 0.490541 0.0416667 0.305405
