6 0.303513 0.866216 0.239379 0.267568
7 0.405229 0.616216 0.116013 0.0378378
7 0.499592 0.586486 0.0727124 0.0216216
7 0.446078 0.568919 0.0604575 0.0135135
7 0.5 0.616216 0.102941 0.0378378
6 0.42933 0.682432 0.0498366 0.0945946
7 0.431373 0.586486 0.0800654 0.0216216
8 0.593137 0.618919 0.116013 0.0594595
6 0.473448 0.568919 0.0106209 0.0135135
8 0.319444 0.618919 0.145425 0.0594595
7 0.501225 0.683784 0.17402 0.0972973
8 0.653595 0.689189 0.207516 0.124324
7 0.499183 0.556757 0.0457516 0.0108108
6 0.455474 0.616216 0.0236928 0.0378378
7 0.499592 0.568919 0.0563725 0.0135135
8 0.208742 0.689189 0.278595 0.124324
6 0.46732 0.586486 0.0147059 0.0216216
10 0.25817 0.335135 0.0964052 0.302703
8 0.368056 0.587838 0.0955882 0.0351351
8 0.551471 0.568919 0.0604575 0.0243243
10 0.0245098 0.782432 0.0490196 0.105405
8 0.396242 0.568919 0.0702614 0.0243243
10 0.215686 0.278378 0.148693 0.378378
10 0.584559 0.318919 0.0710784 0.502703
10 0.150735 0.239189 0.227941 0.478378
10 0.185458 0.67027 0.0588235 0.0540541
10 0.0857843 0.698649 0.0506536 0.0513514
10 0.0334967 0.725676 0.0669935 0.0675676
10 0.123775 0.682432 0.0629085 0.0513514
10 0.185866 0.666216 0.0482026 0.0513514
10 0.166667 0.671622 0.0669935 0.0459459
10 0.057598 0.705405 0.0776144 0.0594595
10 0.0347222 0.708108 0.0482026 0.0540541
10 0.0412582 0.762162 0.0825163 0.0918919
10 0.0236928 0.754054 0.0473856 0.0972973
10 0.0669935 0.72973 0.0866013 0.0648649
10 0.113971 0.717568 0.0906863 0.0621622
10 0.178513 0.656757 0.0596405 0.0378378
10 0.309641 0.610811 0.0359477 0.027027
10 0.281863 0.614865 0.0424837 0.0297297
10 0.232843 0.637838 0.0228758 0.0378378
10 0.314542 0.604054 0.0375817 0.0243243
10 0.187092 0.65 0.0294118 0.0459459
10 0.220588 0.641892 0.0441176 0.0351351
10 0.279412 0.622973 0.0457516 0.0297297
10 0.26348 0.608108 0.0400327 0.027027
10 0.228758 0.631081 0.0212418 0.0405405
10 0.247958 0.622973 0.0302288 0.0351351
10 0.301471 0.610811 0.0408497 0.027027
10 0.158088 0.651351 0.0236928 0.0378378
10 0.181781 0.641892 0.0531046 0.0297297
10 0.147059 0.658108 0.0588235 0.0351351
10 0.121324 0.67973 0.0694444 0.0405405
10 0.25531 0.609459 0.0302288 0.0297297
10 0.224673 0.621622 0.0163399 0.0378378
10 0.168301 0.636486 0.0522876 0.0351351
10 0.269608 0.617568 0.0359477 0.0351351
10 0.297386 0.601351 0.0375817 0.0297297
10 0.21201 0.62973 0.0465686 0.0324324
10 0.0943627 0.671622 0.0629085 0.0459459
10 0.206699 0.624324 0.0326797 0.0324324
10 0.268791 0.609459 0.0392157 0.0243243
10 0.280637 0.609459 0.0351307 0.0297297
10 0.128676 0.651351 0.0563725 0.0432432
10 0.250817 0.618919 0.0359477 0.0324324
10 0.23366 0.621622 0.0441176 0.027027
10 0.185866 0.647297 0.0514706 0.0351351
10 0.068219 0.672973 0.0678105 0.0432432
10 0.207108 0.639189 0.0302288 0.0351351
10 0.145016 0.659459 0.0334967 0.0432432
10 0.131127 0.65 0.0531046 0.0351351
10 0.0902778 0.67027 0.0596405 0.0378378
10 0.00898693 0.713514 0.0179739 0.0648649
10 0.162173 0.640541 0.0498366 0.0324324
10 0.0637255 0.674324 0.0359477 0.0459459
10 0.0747549 0.687838 0.0547386 0.0459459
10 0.180964 0.652703 0.0531046 0.0405405
10 0.210376 0.632432 0.0449346 0.0324324
10 0.0539216 0.697297 0.0751634 0.0540541
10 0.0555556 0.698649 0.0637255 0.0567568
10 0.185049 0.637838 0.0334967 0.0378378
10 0.129902 0.674324 0.0637255 0.0405405
10 0.279003 0.613514 0.0367647 0.027027
10 0.22018 0.628378 0.0351307 0.0297297
10 0.210376 0.622973 0.0416667 0.0243243
10 0.248775 0.608108 0.0351307 0.0216216
10 0.246324 0.621622 0.0334967 0.027027
10 0.238971 0.613514 0.0285948 0.027027
10 0.259395 0.616216 0.0383987 0.027027
10 0.362745 0.57027 0.0196078 0.0162162
10 0.351716 0.57027 0.0187908 0.0162162

10 0.344363 0.587838 0.0302288 0.0189189
10 0.352124 0.577027 0.0196078 0.0189189
10 0.375 0.57027 0.0114379 0.0162162
10 0.363154 0.577027 0.0236928 0.0189189
10 0.301062 0.597297 0.0106209 0.0216216
10 0.302696 0.597297 0.0106209 0.0216216
10 0.365196 0.57027 0.0245098 0.0162162
10 0.388889 0.563514 0.0212418 0.0135135
10 0.356618 0.583784 0.0187908 0.0216216
10 0.340686 0.583784 0.0196078 0.0216216
10 0.273693 0.602703 0.0326797 0.0216216
10 0.367239 0.564865 0.0138889 0.0162162
10 0.324346 0.581081 0.00980392 0.0216216
10 0.382353 0.563514 0.0212418 0.0135135
10 0.342729 0.585135 0.0285948 0.0189189
10 0.273284 0.6 0.0318627 0.0216216
10 0.283905 0.602703 0.0302288 0.0216216
10 0.378268 0.568919 0.00816993 0.0189189
10 0.365196 0.577027 0.0261438 0.0189189
10 0.328431 0.574324 0.00816993 0.0189189
10 0.285131 0.590541 0.0212418 0.0243243
10 0.376634 0.566216 0.0179739 0.0189189
10 0.315359 0.57973 0.0196078 0.0189189
10 0.336601 0.574324 0.0179739 0.0189189
10 0.367239 0.57027 0.0187908 0.0162162
10 0.305556 0.587838 0.0228758 0.0243243
10 0.310866 0.581081 0.0220588 0.0216216
10 0.319853 0.575676 0.0253268 0.0162162
10 0.376634 0.566216 0.0147059 0.0135135
10 0.33415 0.572973 0.00980392 0.0162162
10 0.372549 0.566216 0.0163399 0.0135135
10 0.335784 0.574324 0.0245098 0.0189189
10 0.33415 0.578378 0.0261438 0.0162162
10 0.305147 0.589189 0.0285948 0.0216216
10 0.247141 0.598649 0.0187908 0.0243243
10 0.25817 0.595946 0.0245098 0.0243243
10 0.306373 0.585135 0.0245098 0.0189189
10 0.298203 0.591892 0.0294118 0.0216216
10 0.305556 0.587838 0.0147059 0.0189189
10 0.294935 0.593243 0.0294118 0.0189189
10 0.260621 0.601351 0.0228758 0.0243243
10 0.279003 0.597297 0.0302288 0.0216216
10 0.278186 0.590541 0.0285948 0.0189189
10 0.311275 0.583784 0.0130719 0.0162162
10 0.343954 0.575676 0.0228758 0.0162162
10 0.340278 0.575676 0.0236928 0.0162162
10 0.339461 0.575676 0.0155229 0.0162162
10 0.315359 0.57973 0.0245098 0.0189189
10 0.305964 0.582432 0.00898693 0.0189189
10 0.321895 0.577027 0.0228758 0.0189189
10 0.339869 0.57027 0.0147059 0.0162162
10 0.299428 0.583784 0.0253268 0.0162162
10 0.339869 0.575676 0.0228758 0.0162162
10 0.392565 0.556757 0.0155229 0.0108108
10 0.375 0.563514 0.0179739 0.0135135
10 0.379902 0.556757 0.00980392 0.0108108
10 0.354167 0.566216 0.0204248 0.0135135
10 0.341095 0.568919 0.0138889 0.0135135
10 0.376225 0.562162 0.0171569 0.0162162
10 0.364379 0.57027 0.0114379 0.0162162
10 0.349265 0.567568 0.0187908 0.0162162
10 0.38031 0.560811 0.0187908 0.0135135
10 0.367239 0.564865 0.0187908 0.0108108
10 0.373775 0.558108 0.0171569 0.0135135
10 0.383578 0.558108 0.0122549 0.0135135
10 0.365196 0.566216 0.0196078 0.0135135
10 0.392565 0.558108 0.0122549 0.0135135
10 0.402369 0.548649 0.0138889 0.0108108
10 0.385621 0.554054 0.0130719 0.0108108
10 0.386438 0.552703 0.0179739 0.0135135
10 0.401961 0.551351 0.0114379 0.0108108
10 0.409314 0.551351 0.00980392 0.0108108
10 0.398693 0.548649 0.0163399 0.0108108
10 0.387663 0.555405 0.0155229 0.0135135
10 0.406046 0.548649 0.0179739 0.0108108
10 0.409314 0.548649 0.0163399 0.0108108
10 0.404412 0.548649 0.0130719 0.0108108
10 0.301879 0.57027 0.0155229 0.0162162
10 0.304739 0.572973 0.0147059 0.0162162
10 0.385621 0.552703 0.0179739 0.0135135
10 0.296977 0.571622 0.0187908 0.0135135
10 0.309641 0.572973 0.0228758 0.0162162
10 0.359477 0.558108 0.0179739 0.0135135
10 0.348856 0.566216 0.0212418 0.0135135
10 0.333742 0.563514 0.0204248 0.0135135
10 0.346405 0.560811 0.00816993 0.0135135
10 0.360294 0.562162 0.0196078 0.0162162
10 0.308415 0.568919 0.0220588 0.0135135
10 0.394199 0.551351 0.0171569 0.0108108
10 0.384804 0.551351 0.00980392 0.0108108
10 0.32884 0.563514 0.0155229 0.0135135
10 0.323529 0.568919 0.0212418 0.0135135
10 0.300245 0.575676 0.0236928 0.0162162
10 0.312908 0.567568 0.0196078 0.0162162
10 0.392565 0.554054 0.0171569 0.0108108
10 0.364788 0.558108 0.0187908 0.0135135
10 0.365196 0.555405 0.0179739 0.0135135
10 0.354984 0.558108 0.0155229 0.0135135
10 0.300245 0.571622 0.0155229 0.0135135
10 0.335784 0.567568 0.0196078 0.0162162
10 0.321487 0.571622 0.0204248 0.0135135
10 0.364788 0.556757 0.0171569 0.0162162
10 0.404003 0.55 0.00898693 0.0135135
10 0.305556 0.568919 0.0212418 0.0135135
10 0.329657 0.566216 0.0187908 0.0135135
10 0.316993 0.566216 0.0212418 0.0135135
10 0.324755 0.566216 0.0204248 0.0135135
10 0.320261 0.566216 0.0114379 0.0135135
10 0.372958 0.555405 0.0122549 0.0135135
10 0.357435 0.556757 0.0138889 0.0108108
10 0.353758 0.559459 0.0179739 0.0108108
10 0.352124 0.562162 0.0147059 0.0108108
10 0.339052 0.560811 0.0163399 0.0135135
10 0.346405 0.559459 0.0163399 0.0108108
10 0.368056 0.556757 0.0155229 0.0108108
10 0.351307 0.560811 0.0130719 0.0135135
10 0.373775 0.554054 0.0122549 0.0108108
10 0.410539 0.548649 0.0155229 0.0108108
10 0.362337 0.554054 0.0155229 0.0108108
10 0.38317 0.551351 0.00980392 0.0108108
10 0.375817 0.554054 0.0163399 0.0108108
10 0.374183 0.551351 0.0163399 0.0108108
10 0.363154 0.554054 0.00898693 0.0108108
10 0.542484 0.547297 0.0147059 0.00810811
10 0.363562 0.554054 0.0163399 0.0108108
10 0.377859 0.554054 0.0155229 0.0108108
10 0.546569 0.548649 0.0130719 0.0108108
10 0.374183 0.551351 0.0114379 0.0108108
10 0.371324 0.554054 0.0171569 0.0108108110 0.366422 0.555405 0.0155229 0.00810811
10 0.595588 0.567568 0.0212418 0.0162162
10 0.569444 0.577027 0.0147059 0.0189189
10 0.564951 0.556757 0.0171569 0.0108108
10 0.546977 0.57027 0.0155229 0.0162162
10 0.553513 0.563514 0.0187908 0.0135135
10 0.551879 0.560811 0.00735294 0.0135135
10 0.561275 0.566216 0.00980392 0.0135135
10 0.546569 0.554054 0.0163399 0.0108108
10 0.539216 0.558108 0.0179739 0.0135135
10 0.551879 0.551351 0.0155229 0.0108108
10 0.557598 0.57027 0.0220588 0.0162162
10 0.56781 0.563514 0.0147059 0.0135135
10 0.537582 0.566216 0.0212418 0.0135135
10 0.567402 0.554054 0.0106209 0.0108108
10 0.55719 0.558108 0.0163399 0.0135135
10 0.575163 0.57027 0.0147059 0.0162162
10 0.577206 0.562162 0.0155229 0.0162162
10 0.538399 0.562162 0.0163399 0.0162162
10 0.541258 0.564865 0.0204248 0.0162162
10 0.558824 0.558108 0.0147059 0.0135135
10 0.570261 0.563514 0.0196078 0.0135135
10 0.541667 0.555405 0.00980392 0.0135135
10 0.555147 0.566216 0.0171569 0.0135135
10 0.543301 0.572973 0.0228758 0.0162162

10 0.559232 0.598649 0.0302288 0.0243243
10 0.608252 0.604054 0.0334967 0.0243243
110 0.554739 0.591892 0.0277778 0.0216216

10 0.543709 0.575676 0.0204248 0.0162162
10 0.607843 0.591892 0.0147059 0.0216216
10 0.570261 0.598649 0.0212418 0.0243243
10 0.59232 0.582432 0.0261438 0.0189189
10 0.56781 0.551351 0.0147059 0.0108108
10 0.552288 0.574324 0.0179739 0.0189189
10 0.552288 0.558108 0.0179739 0.0135135
10 0.562092 0.581081 0.0245098 0.0162162110 0.556373 0.583784 0.0228758 0.0216216
10 0.556781 0.552703 0.00898693 0.0135135
10 0.564951 0.555405 0.0171569 0.0135135
10 0.565768 0.558108 0.00898693 0.0135135
10 0.641748 0.602703 0.0318627 0.027027
10 0.607435 0.585135 0.0122549 0.0189189
10 0.603758 0.57973 0.00816993 0.0189189
10 0.55719 0.57027 0.00816993 0.0162162
10 0.625817 0.589189 0.0277778 0.0216216
10 0.575572 0.563514 0.0171569 0.0135135
10 0.622958 0.604054 0.0334967 0.0243243
10 0.663807 0.62973 0.0367647 0.0324324

10 0.629902 0.612162 0.0359477 0.0243243
10 0.647467 0.621622 0.0171569 0.0324324
10 0.598856 0.602703 0.0277778 0.027027
10 0.580065 0.62973 0.0392157 0.027027
10 0.637255 0.643243 0.0228758 0.0378378
10 0.600899 0.668919 0.0465686 0.0513514
10 0.649918 0.685135 0.0367647 0.0567568
10 0.702206 0.677027 0.0449346 0.0513514
10 0.674428 0.691892 0.0596405 0.0594595
10 0.703023 0.647297 0.0498366 0.0351351
10 0.618464 0.647297 0.0196078 0.0405405
10 0.617647 0.648649 0.0473856 0.0324324
10 0.678513 0.637838 0.0400327 0.0378378
10 0.670752 0.724324 0.0441176 0.0702703
10 0.900735 0.918919 0.167484 0.162162
10 0.785131 0.787838 0.0849673 0.0891892
5 0.513072 0.391892 0.0539216 0.362162
10 0.665033 0.701351 0.0653595 0.0513514
10 0.662173 0.762162 0.0449346 0.0918919
10 0.856618 0.851351 0.13317 0.140541
10 0.848448 0.747297 0.0939542 0.0621622
10 0.914216 0.847297 0.0571895 0.132432
11 0.499183 0.533784 0.0620915 0.0783784
10 0.678513 0.735135 0.0776144 0.0594595
10 0.675654 0.713514 0.0686275 0.0594595
