10 0.234886 0.555405 0.178922 0.835135
10 0.111928 0.583784 0.223856 0.832432
19 0.564951 0.555405 0.0155229 0.0243243
19 0.63031 0.544595 0.0171569 0.0189189
10 0.203023 0.581081 0.213235 0.837838
2 0.575163 0.552703 0.0196078 0.0459459
2 0.661765 0.554054 0.0212418 0.0486486
19 0.618464 0.552703 0.0212418 0.0243243
2 0.604575 0.554054 0.0212418 0.0486486
10 0.589052 0.510811 0.0196078 0.0702703
2 0.551471 0.55 0.0147059 0.0459459
2 0.634804 0.554054 0.0212418 0.0486486
19 0.624183 0.559459 0.0228758 0.027027
8 0.196078 0.766216 0.392157 0.354054
2 0.270425 0.490541 0.0326797 0.267568
2 0.378268 0.493243 0.00980392 0.137838
19 0.589869 0.55 0.0261438 0.0405405
12 0.762663 0.528378 0.239379 0.0567568
2 0.359477 0.493243 0.0130719 0.159459
10 0.686683 0.636486 0.0661765 0.164865
12 0.596814 0.527027 0.0939542 0.0540541
2 0.348039 0.493243 0.0147059 0.175676
2 0.29616 0.490541 0.0253268 0.235135
2 0.316993 0.491892 0.0212418 0.210811
2 0.36969 0.493243 0.0106209 0.148649
2 0.386029 0.494595 0.00898693 0.12973
10 0.714052 0.601351 0.0637255 0.137838
5 0.402369 0.348649 0.0759804 0.502703
4
17 0.408088 0.559459 0.0138889 0.0432432
17 0.372958 0.585135 0.0236928 0.0621622
18 0.578431 0.389189 0.0147059 0.140541
17 0.399101 0.567568 0.0155229 0.0486486
2 0.191176 0.486486 0.0571895 0.367568
18 0.662173 0.45 0.00898693 0.0621622
2 0.0465686 0.47973 0.0931373 0.586486
2 0.127451 0.485135 0.0816993 0.451351
5 0.444036 0.412162 0.0433007 0.289189
17 0.354167 0.598649 0.0302288 0.072973
2 0.236928 0.487838 0.0424837 0.310811
5 0.562092 0.383784 0.0359477 0.383784
5 0.417484 0.494595 0.00163399 0.135135
5 0.658088 0.495946 0.00245098 0.164865
17 0.387663 0.575676 0.0187908 0.0540541
5 0.577206 0.490541 0.00408497 0.354054
11 0.499592 0.660811 0.138072 0.386486
11 0.5 0.601351 0.0490196 0.154054
