10 0.251225 0.551351 0.15768 0.697297
20 0.585376 0.537838 0.0383987 0.113514
6 0.462827 0.595946 0.0187908 0.0297297
19 0.560458 0.536486 0.00490196 0.0297297
10 0.15768 0.713514 0.187908 0.572973
7 0.502042 0.762162 0.267157 0.183784
7 0.42116 0.595946 0.0955882 0.0297297
7 0.500408 0.572973 0.0629085 0.0162162
6 0.399101 0.762162 0.0890523 0.183784
7 0.439951 0.572973 0.0694444 0.0162162
7 0.268382 0.762162 0.335784 0.183784
7 0.38317 0.640541 0.150327 0.0594595
7 0.451797 0.559459 0.0539216 0.0108108
6 0.446078 0.640541 0.0326797 0.0594595
7 0.500408 0.595946 0.0841503 0.0297297
7 0.500408 0.640541 0.128268 0.0594595
2 0.372141 0.493243 0.0106209 0.143243
8 0.15482 0.772973 0.309641 0.227027
2 0.394608 0.494595 0.00816993 0.118919
2 0.388072 0.494595 0.00816993 0.124324
2 0.380719 0.494595 0.00980392 0.135135
2 0.362337 0.493243 0.0122549 0.154054
8 0.278186 0.643243 0.191993 0.0810811
8 0.406863 0.560811 0.0620915 0.0189189
8 0.348448 0.598649 0.115196 0.0459459
8 0.384395 0.575676 0.0808824 0.027027
2 0.351716 0.493243 0.0138889 0.17027
5 0.442402 0.409459 0.0449346 0.3
2 0.207925 0.486486 0.0514706 0.345946
2 0.248775 0.487838 0.0383987 0.294595
2 0.279003 0.490541 0.0302288 0.256757
5 0.517157 0.337838 0.0800654 0.535135
2 0.0102124 0.474324 0.0204248 0.727027
2 0.151144 0.485135 0.0718954 0.418919
2 0.303105 0.491892 0.0245098 0.227027
2 0.322712 0.491892 0.0196078 0.205405
2 0.338235 0.491892 0.0163399 0.183784
2 0.066585 0.481081 0.10866 0.52973
11 0.499592 0.577027 0.0661765 0.186486
11 0.499592 0.558108 0.0285948 0.0891892
19 0.525735 0.533784 0.00571895 0.0351351
9 0.102941 0.435135 0.0424837 0.12973
5 0.100899 0.591892 0.00735294 0.437838
