10 0.267974 0.547297 0.156863 0.710811
10 0.662582 0.589189 0.0392157 0.108108
10 0.649918 0.608108 0.0482026 0.12973
10 0.156454 0.614865 0.208333 0.77027
8 0.233252 0.678378 0.345588 0.2
7 0.544118 0.574324 0.150327 0.0189189
2 0.592729 0.547297 0.0187908 0.0405405
19 0.611111 0.552703 0.0196078 0.0243243
2 0.566993 0.545946 0.0163399 0.0432432
2 0.534722 0.543243 0.00735294 0.0378378
7 0.440768 0.574324 0.0710784 0.0189189
10 0.24183 0.57973 0.184641 0.727027
10 0.580474 0.509459 0.0171569 0.0621622
19 0.607435 0.548649 0.0187908 0.0216216
2 0.61969 0.547297 0.0187908 0.0405405
2 0.643382 0.547297 0.0187908 0.0405405
7 0.454248 0.558108 0.0539216 0.0135135
19 0.580882 0.544595 0.0228758 0.0351351
17 0.402778 0.563514 0.0147059 0.0459459
2 0.0870098 0.482432 0.10049 0.505405
2 0.164216 0.485135 0.0669935 0.402703
2 0.382761 0.494595 0.00898693 0.135135
17 0.411356 0.558108 0.0122549 0.0405405
2 0.354575 0.493243 0.0130719 0.164865
17 0.378676 0.581081 0.0220588 0.0594595
17 0.392157 0.571622 0.0179739 0.0513514
2 0.389706 0.494595 0.00816993 0.124324
2 0.365605 0.493243 0.0122549 0.154054
2 0.284722 0.490541 0.0285948 0.251351
2 0.326389 0.491892 0.0187908 0.2
2 0.341503 0.493243 0.0163399 0.181081
2 0.308007 0.491892 0.0228758 0.221622
2 0.217729 0.489189 0.0482026 0.335135
2 0.256127 0.489189 0.0367647 0.286486
17 0.418709 0.554054 0.0106209 0.0378378
5 0.416258 0.37027 0.0645425 0.427027
5 0.560458 0.491892 0.00326797 0.275676
5 0.555964 0.397297 0.0318627 0.340541
5 0.640114 0.494595 0.00245098 0.145946
5 0.935458 0.382432 0.0539216 0.386486
5 0.448938 0.42027 0.0400327 0.262162
4 0.642974 0.518919 0.00490196 0.0648649
18 0.643382 0.455405 0.00735294 0.0567568
18 0.426062 0.462162 0.00408497 0.0486486
18 0.560866 0.413514 0.0106209 0.108108
11 0.500408 0.62973 0.0629085 0.2
5 0.425654 0.495946 0.00163399 0.121622
11 0.498775 0.722973 0.234477 0.554054
