10 0.292075 0.751351 0.105392 0.497297
10 0.157271 0.539189 0.245915 0.921622
19 0.593954 0.548649 0.00980392 0.0216216
7 0.500408 0.641892 0.129902 0.0621622
7 0.420343 0.597297 0.0955882 0.027027
7 0.381127 0.641892 0.152778 0.0621622
6 0.396242 0.768919 0.0931373 0.191892
19 0.573121 0.543243 0.00571895 0.0378378
7 0.262255 0.768919 0.346405 0.191892
6 0.44567 0.640541 0.0334967 0.0594595
7 0.561275 0.572973 0.0179739 0.00540541
19 0.568627 0.541892 0.00490196 0.0351351
1 0.610703 0.397297 0.0138889 0.0486486
19 0.575163 0.544595 0.00326797 0.0351351
6 0.462418 0.597297 0.0179739 0.027027
7 0.502042 0.768919 0.275327 0.191892
7 0.439951 0.574324 0.0694444 0.0189189
20 0.624183 0.556757 0.0588235 0.167568
1 0.610703 0.27027 0.0138889 0.0486486
19 0.566993 0.539189 0.00490196 0.0351351
7 0.451389 0.559459 0.0547386 0.0108108
19 0.571487 0.541892 0.00571895 0.0351351
8 0.406046 0.562162 0.0620915 0.0216216
2 0.337418 0.493243 0.0163399 0.186486
2 0.302288 0.490541 0.0245098 0.22973
8 0.153186 0.77973 0.306373 0.235135
2 0.38031 0.494595 0.00898693 0.135135
8 0.57884 0.6 0.0955882 0.0432432
2 0.277369 0.490541 0.0302288 0.256757
2 0.362337 0.494595 0.0122549 0.156757
2 0.205065 0.487838 0.0522876 0.348649
8 0.383987 0.577027 0.0816993 0.0297297
2 0.321487 0.491892 0.0204248 0.205405
2 0.394199 0.494595 0.00735294 0.118919
2 0.372141 0.494595 0.0106209 0.145946
8 0.347222 0.6 0.116013 0.0432432
2 0.387663 0.494595 0.00898693 0.124324
2 0.350899 0.493243 0.0138889 0.17027
8 0.275735 0.645946 0.195261 0.0810811
2 0.246732 0.489189 0.0392157 0.297297
11 0.499592 0.57973 0.0694444 0.191892
5 0.526552 0.332432 0.123366 0.664865
2 0.060866 0.481081 0.111928 0.540541
5 0.428513 0.386486 0.0563725 0.372973
2 0.147059 0.485135 0.0735294 0.424324
11 0.499592 0.558108 0.0285948 0.0891892
19 0.531454 0.541892 0.00735294 0.0459459
