10 0.134395 0.681081 0.213235 0.637838
10 0.103758 0.581081 0.207516 0.837838
10 0.113562 0.589189 0.212418 0.821622
10 0.302696 0.464865 0.152778 0.6
1 0.57598 0.417568 0.0653595 0.181081
6 0.468546 0.577027 0.0138889 0.0189189
10 0.626634 0.322973 0.0833333 0.645946
20 0.759804 0.695946 0.0653595 0.0567568
2 0.533905 0.552703 0.00245098 0.0513514
20 0.779003 0.686486 0.0449346 0.027027
1 0.593137 0.398649 0.0833333 0.224324
6 0.359069 0.848649 0.146242 0.302703
2 0.531454 0.55 0.00245098 0.0459459
19 0.734477 0.613514 0.0294118 0.156757
1 0.563317 0.42973 0.0531046 0.151351
7 0.692402 0.787838 0.0841503 0.0405405
7 0.499592 0.660811 0.151144 0.0783784
19 0.529003 0.535135 0.00571895 0.0432432
7 0.411765 0.605405 0.106209 0.0324324
8 0.375 0.581081 0.0898693 0.0324324
6
7 0.499592 0.605405 0.0939542 0.0324324
7 0.448121 0.562162 0.0580065 0.0108108
19 0.626634 0.664865 0.0882353 0.145946
8 0.24183 0.664865 0.235294 0.102703
8 0.400327 0.563514 0.0669935 0.0243243
6 0.458333 0.604054 0.0212418 0.0351351
2 0.389706 0.493243 0.00816993 0.121622
7 0.362337 0.660811 0.180556 0.0783784
6 0.436683 0.659459 0.0416667 0.0756757
5 0.326389 0.336486 0.134804 0.672973
41
2 0.225899 0.486486 0.0449346 0.318919
2 0.262255 0.489189 0.0343137 0.275676
19 0.564542 0.513514 0.0114379 0.0756757
2 0.343546 0.491892 0.0155229 0.178378
2 0.310866 0.489189 0.0220588 0.216216
2 0.375 0.491892 0.00980392 0.140541
2 0.355392 0.491892 0.0130719 0.162162
2 0.107843 0.482432 0.0898693 0.472973
5 0.507761 0.4 0.0482026 0.324324
2 0.366013 0.491892 0.0114379 0.151351
2 0.32884 0.491892 0.0187908 0.194595
2 0.289216 0.489189 0.0277778 0.243243
2 0.177696 0.485135 0.0612745 0.381081
11 0.499183 0.545946 0.0228758 0.0702703
2 0.382761 0.493243 0.00898693 0.132432
11 0.498775 0.566216 0.0596405 0.164865
