6 0.295343 0.866216 0.250817 0.267568
7 0.499592 0.583784 0.0727124 0.0216216
7 0.34232 0.683784 0.210784 0.0972973
7 0.499183 0.614865 0.102941 0.0405405
6 0.428105 0.682432 0.0506536 0.0945946
7 0.499183 0.683784 0.174837 0.0972973
6 0.473448 0.566216 0.0106209 0.0135135
7 0.499183 0.555405 0.0457516 0.00810811
6 0.466503 0.583784 0.0147059 0.0216216
7 0.499183 0.566216 0.0555556 0.0135135
6 0.454657 0.614865 0.0236928 0.0405405
10 0.287582 0.618919 0.0408497 0.027027
10 0.301062 0.624324 0.0416667 0.0324324
10 0.060049 0.694595 0.0743464 0.0540541
10 0.133578 0.672973 0.0285948 0.0486486
10 0.0727124 0.702703 0.0735294 0.0432432
7 0.455065 0.555405 0.0490196 0.00810811
7 0.404412 0.614865 0.117647 0.0405405
10 0.120915 0.672973 0.0294118 0.0486486
7 0.430964 0.583784 0.0808824 0.0216216
10 0.121732 0.693243 0.0718954 0.0513514
8 0.395833 0.568919 0.0710784 0.0243243
10 0.271242 0.636486 0.0408497 0.0405405
8 0.551471 0.568919 0.0604575 0.0243243
8 0.367647 0.585135 0.0964052 0.0351351
8 0.205882 0.689189 0.281046 0.124324
10 0.270016 0.628378 0.0449346 0.0351351
10 0.146242 0.675676 0.0637255 0.0486486
10 0.0751634 0.713514 0.0800654 0.0486486
7 0.44567 0.566216 0.0612745 0.0135135
10 0.332108 0.595946 0.0204248 0.0243243
10 0.315359 0.593243 0.0343137 0.0189189
10 0.337418 0.602703 0.0163399 0.027027
10 0.324755 0.594595 0.0334967 0.0216216
10 0.351307 0.595946 0.0326797 0.0243243
10 0.288807 0.612162 0.0236928 0.0297297
10 0.305556 0.614865 0.0147059 0.0297297
10 0.308415 0.6 0.0351307 0.0216216
10 0.321895 0.608108 0.0359477 0.027027
10 0.341503 0.594595 0.0343137 0.0216216
10 0.305556 0.609459 0.0228758 0.0297297
10 0.381944 0.574324 0.0220588 0.0189189
10 0.367647 0.571622 0.0245098 0.0189189
10 0.354575 0.577027 0.0130719 0.0189189
10 0.375817 0.577027 0.0261438 0.0189189
10 0.357843 0.57973 0.0294118 0.0189189
10 0.338235 0.585135 0.0294118 0.0189189
10 0.35335 0.589189 0.0269608 0.0216216
10 0.366013 0.571622 0.0163399 0.0189189
10 0.346814 0.57973 0.0269608 0.0189189
10 0.358252 0.586486 0.0302288 0.0216216
10 0.357843 0.571622 0.0196078 0.0189189
10 0.355392 0.572973 0.0245098 0.0162162
10 0.310866 0.591892 0.0269608 0.027027
10 0.288807 0.595946 0.0334967 0.0243243
10 0.359886 0.583784 0.0171569 0.0216216
10 0.348856 0.587838 0.0245098 0.0189189
10 0.332108 0.590541 0.0318627 0.0243243
10 0.308415 0.594595 0.0302288 0.0216216
10 0.355801 0.578378 0.0269608 0.0216216
10 0.333333 0.582432 0.0163399 0.0189189
10 0.35866 0.574324 0.0130719 0.0189189
10 0.344363 0.589189 0.0302288 0.0216216
10 0.370507 0.577027 0.0236928 0.0189189
10 0.323938 0.587838 0.0204248 0.0243243
10 0.342729 0.574324 0.00898693 0.0189189
10 0.150735 0.651351 0.0563725 0.0432432
10 0.272876 0.616216 0.0408497 0.027027
10 0.300245 0.604054 0.0351307 0.0243243
10 0.208742 0.635135 0.0416667 0.0324324
10 0.229984 0.62027 0.0253268 0.0297297
10 0.294935 0.604054 0.0359477 0.0243243
10 0.262255 0.617568 0.0392157 0.0297297
10 0.188317 0.651351 0.0302288 0.0432432
10 0.247141 0.627027 0.0253268 0.0324324
10 0.287582 0.601351 0.0294118 0.0243243
10 0.164624 0.656757 0.0416667 0.0432432
10 0.19281 0.628378 0.0457516 0.0297297
10 0.290033 0.612162 0.0196078 0.0297297
10 0.212827 0.625676 0.0351307 0.0297297
10 0.253268 0.609459 0.0212418 0.0297297
10 0.135212 0.666216 0.0547386 0.0459459
10 0.0776144 0.686486 0.0702614 0.0486486
10 0.144608 0.658108 0.0539216 0.0351351
10 0.219771 0.627027 0.0326797 0.0324324
10 0.184232 0.651351 0.0514706 0.0324324
10 0.0980392 0.672973 0.0653595 0.0378378
10 0.107843 0.67027 0.0571895 0.0486486
10 0.0473856 0.694595 0.0686275 0.0432432
10 0.0669935 0.685135 0.0604575 0.0513514
10 0.109069 0.663514 0.0629085 0.0459459
10 0.105801 0.659459 0.0596405 0.0432432
10 0.191993 0.645946 0.0490196 0.0324324
10 0.0923203 0.682432 0.0424837 0.0513514
10 0.178105 0.643243 0.0375817 0.0378378
10 0.0563725 0.678378 0.0702614 0.0486486
10 0.120507 0.652703 0.0498366 0.0351351
10 0.13848 0.645946 0.0449346 0.0378378
10 0.205882 0.62973 0.0441176 0.0324324
10 0.211601 0.633784 0.0457516 0.0351351
10 0.206699 0.622973 0.0375817 0.0297297
10 0.251225 0.617568 0.0155229 0.0297297
10 0.236928 0.618919 0.0277778 0.027027
10 0.241013 0.617568 0.0392157 0.0243243
10 0.328431 0.583784 0.0130719 0.0216216
10 0.285948 0.591892 0.0261438 0.0216216
10 0.265523 0.605405 0.0147059 0.027027
10 0.268382 0.602703 0.0318627 0.0216216
10 0.310458 0.585135 0.0228758 0.0189189
10 0.266748 0.598649 0.0236928 0.0243243
10 0.29616 0.589189 0.0285948 0.0216216
10 0.250817 0.616216 0.0294118 0.027027
10 0.338644 0.581081 0.0253268 0.0162162
10 0.28268 0.601351 0.0212418 0.0243243
10 0.312092 0.593243 0.0294118 0.0189189
10 0.226307 0.614865 0.0375817 0.0297297
10 0.279412 0.595946 0.0310458 0.0243243
10 0.277778 0.593243 0.0310458 0.0189189
10 0.284314 0.594595 0.0277778 0.0216216
10 0.327614 0.583784 0.0147059 0.0216216
10 0.383578 0.560811 0.0204248 0.0135135
10 0.400735 0.558108 0.00898693 0.0135135
10 0.393382 0.555405 0.0187908 0.0135135
10 0.405637 0.558108 0.0204248 0.0135135
10 0.380719 0.563514 0.0212418 0.0135135
10 0.379493 0.560811 0.0122549 0.0135135
10 0.40768 0.555405 0.00816993 0.0135135
10 0.377451 0.57027 0.0196078 0.0162162
10 0.332516 0.581081 0.0245098 0.0162162
10 0.395016 0.564865 0.00898693 0.0162162
10 0.392974 0.562162 0.0147059 0.0162162
10 0.385212 0.567568 0.0220588 0.0162162
10 0.328431 0.578378 0.0245098 0.0162162
10 0.382761 0.572973 0.0138889 0.0162162
10 0.386029 0.57027 0.0236928 0.0162162
10 0.345588 0.578378 0.0228758 0.0162162
10 0.376634 0.564865 0.0179739 0.0162162
10 0.386846 0.567568 0.0220588 0.0162162
10 0.381127 0.560811 0.0204248 0.0135135
10 0.405637 0.548649 0.0171569 0.0108108
10 0.397876 0.555405 0.0147059 0.0135135
10 0.406863 0.555405 0.0147059 0.0135135
10 0.402369 0.547297 0.0155229 0.0135135
10 0.416667 0.551351 0.0179739 0.0108108
10 0.404412 0.548649 0.0163399 0.0108108
10 0.404003 0.55 0.0122549 0.0135135
10 0.420752 0.545946 0.0147059 0.0108108
10 0.403595 0.552703 0.0130719 0.0135135
10 0.415441 0.55 0.0155229 0.0135135
10 0.373366 0.560811 0.0196078 0.0135135
10 0.401961 0.55 0.0114379 0.0135135
10 0.39665 0.554054 0.0171569 0.0108108
10 0.359069 0.563514 0.0204248 0.0135135
10 0.374592 0.563514 0.0204248 0.0135135
10 0.379493 0.559459 0.0122549 0.0162162
10 0.372549 0.556757 0.0163399 0.0162162
10 0.379085 0.559459 0.0114379 0.0162162
10 0.344363 0.566216 0.0187908 0.0189189
10 0.393791 0.555405 0.0114379 0.0135135
10 0.403595 0.554054 0.0179739 0.0108108
10 0.400327 0.554054 0.0179739 0.0108108
10 0.414624 0.548649 0.0155229 0.0108108
10 0.387663 0.552703 0.0171569 0.0135135
10 0.421977 0.548649 0.0171569 0.0108108
10 0.392974 0.551351 0.0179739 0.0108108
10 0.416667 0.548649 0.0130719 0.0108108
10 0.305556 0.589189 0.0277778 0.0216216
10 0.321487 0.575676 0.0138889 0.0162162
10 0.344363 0.568919 0.0220588 0.0135135
10 0.35335 0.564865 0.0138889 0.0162162
10 0.307598 0.590541 0.0285948 0.0189189
10 0.294526 0.589189 0.0253268 0.0216216
10 0.321078 0.578378 0.0261438 0.0162162
10 0.322304 0.582432 0.0204248 0.0189189
10 0.355801 0.567568 0.0171569 0.0162162
10 0.319853 0.581081 0.0253268 0.0162162
10 0.340686 0.574324 0.0179739 0.0189189
10 0.365605 0.563514 0.0187908 0.0135135
10 0.33415 0.57973 0.0147059 0.0189189
10 0.321078 0.581081 0.0228758 0.0162162
10 0.360294 0.564865 0.00816993 0.0162162
10 0.300654 0.585135 0.00980392 0.0189189
10 0.354167 0.566216 0.00898693 0.0135135
10 0.3125 0.582432 0.0106209 0.0189189
10 0.348856 0.571622 0.0228758 0.0135135
10 0.382761 0.556757 0.0171569 0.0108108
10 0.569444 0.551351 0.00980392 0.0108108
10 0.399101 0.551351 0.0155229 0.0108108
10 0.539216 0.556757 0.0179739 0.0108108
10 0.569853 0.548649 0.0155229 0.0108108
10 0.383578 0.556757 0.0171569 0.0108108
10 0.367647 0.560811 0.0114379 0.0135135
10 0.573121 0.551351 0.0155229 0.0108108
10 0.379085 0.554054 0.0114379 0.0108108
10 0.565359 0.55 0.0163399 0.0135135
10 0.530229 0.552703 0.0147059 0.0135135
10 0.573938 0.554054 0.0171569 0.0108108
10 0.534314 0.552703 0.0163399 0.0135135
10 0.373775 0.560811 0.0122549 0.0135135
10 0.534314 0.551351 0.0163399 0.0108108
10 0.542484 0.552703 0.0147059 0.0135135
10 0.381944 0.555405 0.0155229 0.0135135
10 0.55433 0.552703 0.0171569 0.0135135
10 0.36152 0.566216 0.00898693 0.0135135
10 0.381944 0.558108 0.00898693 0.0135135
10 0.363562 0.560811 0.0147059 0.0135135
10 0.555556 0.558108 0.0147059 0.0135135
10 0.558824 0.555405 0.0163399 0.0135135
10 0.558007 0.555405 0.00980392 0.0135135
10 0.533497 0.556757 0.0179739 0.0108108
10 0.550245 0.556757 0.0187908 0.0108108
10 0.540441 0.554054 0.0171569 0.0108108
10 0.557598 0.558108 0.0171569 0.0135135
10 0.53268 0.558108 0.0179739 0.0135135
10 0.562092 0.57027 0.0179739 0.0162162

10 0.566176 0.566216 0.0212418 0.0135135
10 0.53799 0.566216 0.0171569 0.0135135
10 0.569853 0.563514 0.0204248 0.0135135
10 0.572304 0.558108 0.0122549 0.0135135
10 0.564542 0.558108 0.0130719 0.0135135
10 0.555556 0.560811 0.0196078 0.0135135
10 0.585376 0.564865 0.0204248 0.0162162
10 0.578431 0.566216 0.0212418 0.0135135
10 0.568627 0.556757 0.0179739 0.0108108
10 0.571895 0.57027 0.0228758 0.0162162
10 0.572712 0.57027 0.0114379 0.0162162
10 0.547794 0.566216 0.0204248 0.0135135
10 0.536356 0.560811 0.00735294 0.0135135
10 0.569853 0.558108 0.0171569 0.0135135
10 0.551879 0.563514 0.0204248 0.0135135
10 0.573938 0.558108 0.0187908 0.0135135
10 0.570261 0.567568 0.0212418 0.0162162
10 0.566176 0.566216 0.0179739 0.0135135
10 0.555964 0.571622 0.0122549 0.0189189
10 0.572712 0.575676 0.0228758 0.0162162
10 0.563317 0.572973 0.0236928 0.0162162
10 0.597631 0.575676 0.0236928 0.0162162
10 0.555964 0.578378 0.0171569 0.021621610 0.562092 0.591892 0.0294118 0.0216216
10 0.609069 0.581081 0.0138889 0.0216216
10 0.57598 0.574324 0.0212418 0.0189189
10 0.546977 0.586486 0.0220588 0.0216216
10 0.588644 0.595946 0.0302288 0.0243243
10 0.605801 0.586486 0.0122549 0.0216216
10 0.620915 0.601351 0.0277778 0.0243243
10 0.546977 0.574324 0.0138889 0.0189189
10 0.614379 0.647297 0.0424837 0.0405405
10 0.640523 0.618919 0.0277778 0.0324324
10 0.638072 0.6 0.0310458 0.0216216
324
10 0.653595 0.627027 0.0424837 0.0324324
10 0.625 0.612162 0.0245098 0.0297297
10 0.730801 0.67027 0.0449346 0.0486486
10 0.643382 0.635135 0.0433007 0.0324324
10 0.642157 0.617568 0.0261438 0.0297297
10 0.591912 0.636486 0.0433007 0.0351351
10 0.655229 0.628378 0.0375817 0.0351351
10 0.623775 0.637838 0.0269608 0.0378378
10 0.59518 0.612162 0.0351307 0.0243243
10 0.616422 0.655405 0.0187908 0.0459459
10 0.576389 0.594595 0.0302288 0.0216216
10 0.704248 0.667568 0.0441176 0.0486486
10 0.760212 0.705405 0.0645425 0.0648649
10 0.705882 0.67973 0.0604575 0.0459459

10 0.681373 0.733784 0.0604575 0.0783784
10 0.769199 0.691892 0.0269608 0.0594595
10 0.756127 0.748649 0.0531046 0.0864865
10 0.933824 0.844595 0.0996732 0.116216
10 0.951797 0.887838 0.0964052 0.143243
10 0.946895 0.948649 0.106209 0.102703
10 0.675654 0.712162 0.0718954 0.0513514
10 0.846814 0.886486 0.0531046 0.162162
15 0.476307 0.535135 0.19281 0.0486486
17 0.433824 0.541892 0.00653595 0.0297297
5 0.529412 0.327027 0.116013 0.654054
10 0.176062 0.205405 0.162582 0.372973
10 0.773284 0.740541 0.0857843 0.0810811
17 0.436683 0.540541 0.00571895 0.027027
17 0.523693 0.541892 0.00490196 0.0297297
