10 0.150735 0.57973 0.229575 0.840541
10 0.180964 0.591892 0.223039 0.816216
6 0.469363 0.578378 0.0138889 0.0216216
2 0.558824 0.594595 0.00490196 0.0864865
2 0.576797 0.624324 0.00816993 0.118919
6 0.45915 0.605405 0.0212418 0.0324324
2 0.643791 0.737838 0.0277778 0.237838
2 0.548611 0.578378 0.00408497 0.0702703
10 0.542892 0.42027 0.0236928 0.251351
2 0.566176 0.606757 0.00653595 0.1
7 0.553922 0.581081 0.0196078 0.00540541
2 0.590686 0.647297 0.0114379 0.143243
2 0.553513 0.586486 0.00408497 0.0810811
2 0.540441 0.564865 0.00245098 0.0594595
2 0.610703 0.681081 0.0171569 0.178378
1 0.835376 0.297297 0.329248 0.594595
7 0.499592 0.605405 0.0923203 0.0324324
6 0.438725 0.658108 0.0392157 0.072973
8 0.377042 0.581081 0.0874183 0.0324324
8 0.401552 0.564865 0.0661765 0.0216216
7 0.5 0.57973 0.0669935 0.0189189
6 0.367647 0.837838 0.133987 0.286486
7 0.366422 0.658108 0.17402 0.072973
7 0.413807 0.605405 0.105392 0.0324324
8 0.584559 0.606757 0.103758 0.0513514
7 0.213235 0.837838 0.426471 0.286486
8 0.335376 0.606757 0.128268 0.0513514
1 0.602124 0.268919 0.101307 0.127027
1 0.721814 0.308108 0.258987 0.210811
1 0.602124 0.171622 0.101307 0.137838
8 0.786356 0.840541 0.427288 0.318919
1 0.721814 0.308108 0.258987 0.210811
8 0.249183 0.662162 0.227124 0.0972973
19 0.57067 0.586486 0.0138889 0.108108
1 0.602124 0.0743243 0.101307 0.148649
1 0.721814 0.151351 0.258987 0.243243
1 0.721814 0.151351 0.258987 0.243243
19 0.544935 0.555405 0.0261438 0.0459459
8 0.631536 0.662162 0.173203 0.0972973
1 0.602124 0.268919 0.101307 0.127027
2 0.385212 0.494595 0.00898693 0.12973
1 0.602124 0.0743243 0.101307 0.148649
1 0.602124 0.171622 0.101307 0.137838
1 0.639297 0.181081 0.169118 0.183784
2 0.391748 0.494595 0.00735294 0.118919
1 0.639297 0.0864865 0.169118 0.172973
2 0.368464 0.493243 0.0114379 0.148649
5 0.439951 0.409459 0.0449346 0.3
2 0.235294 0.489189 0.0424837 0.308108
2 0.0457516 0.47973 0.0915033 0.581081
2 0.268791 0.490541 0.0326797 0.267568
2 0.332516 0.491892 0.0179739 0.189189
2 0.189951 0.486486 0.0563725 0.367568
2 0.125817 0.483784 0.0816993 0.448649
2 0.35866 0.493243 0.0130719 0.159459
2 0.346405 0.493243 0.0147059 0.175676
5 0.523284 0.333784 0.126634 0.667568
2 0.377451 0.493243 0.00980392 0.137838
2 0.294935 0.490541 0.0261438 0.235135
2 0.315359 0.491892 0.0212418 0.210811
19 0.633578 0.531081 0.0253268 0.154054
19 0.669935 0.728378 0.0457516 0.245946
11 0.499592 0.545946 0.0220588 0.0702703
11 0.499592 0.568919 0.0612745 0.17027
9 0.431781 0.487838 0.00735294 0.0243243
