10 0.295752 0.490541 0.111111 0.559459
8 0.36152 0.590541 0.102124 0.0405405
19 0.402369 0.544595 0.00898693 0.0189189
7 0.60335 0.622973 0.0318627 0.00810811
19 0.566993 0.555405 0.00980392 0.0243243
19 0.563317 0.552703 0.00898693 0.0243243
8 0.392157 0.57027 0.0751634 0.027027
7 0.264297 0.758108 0.363562 0.224324
2 0.719771 0.787838 0.0833333 0.294595
6 0.452206 0.622973 0.0269608 0.0459459
2 0.618873 0.666216 0.0171569 0.164865
19 0.79616 0.755405 0.0449346 0.148649
19 0.777778 0.609459 0.0490196 0.0513514
19 0.857026 0.621622 0.0588235 0.0594595
1 0.701797 0.493243 0.107843 0.283784
2 0.650327 0.713514 0.0261438 0.216216
10 0.246732 0.67973 0.137255 0.505405
7 0.50531 0.758108 0.285131 0.224324
19 0.397059 0.545946 0.00980392 0.0216216
10 0.263889 0.531081 0.116013 0.575676
2 0.888072 0.843243 0.181373 0.313514
2 0.348856 0.493243 0.0147059 0.17027
5 0.322712 0.341892 0.140523 0.683784
12 0.567402 0.539189 0.0580065 0.0783784
2 0.335376 0.491892 0.0171569 0.189189
2 0.392974 0.494595 0.00816993 0.118919
2 0.240605 0.489189 0.0400327 0.302703
19 0.397059 0.505405 0.0326797 0.113514
2 0.273284 0.490541 0.0318627 0.262162
5 0.511438 0.37027 0.0637255 0.427027
12 0.749592 0.575676 0.306373 0.151351
2 0.197304 0.487838 0.0547386 0.359459
2 0.360294 0.493243 0.0130719 0.159459
2 0.298611 0.491892 0.0253268 0.232432
8 0.305556 0.627027 0.160131 0.0648649
12 0.950572 0.587838 0.0988562 0.175676
2 0.318627 0.491892 0.0212418 0.210811
5 0.444853 0.417568 0.0400327 0.267568
2 0.386438 0.494595 0.00816993 0.12973
19 0.392157 0.541892 0.00816993 0.0459459
2 0.370507 0.494595 0.0106209 0.145946
19 0.575163 0.508108 0.0375817 0.145946
2 0.379085 0.494595 0.00980392 0.135135
9 0.395425 0.481081 0.0114379 0.0378378
5 0.395425 0.524324 0.00163399 0.124324
11 0.499183 0.575676 0.0359477 0.113514
18 0.168301 0.332432 0.0310458 0.210811
5 0.160131 0.483784 0.00980392 0.556757
11 0.499183 0.602703 0.0898693 0.248649
