19 0.234886 0.624324 0.0400327 0.0594595
19 0.707925 0.675676 0.0482026 0.0918916 0.44567 0.643243 0.0334967 0.0594595
6 0.462827 0.598649 0.0187908 0.0297297
10 0.243056 0.681081 0.164216 0.637838
8 0.347222 0.6 0.117647 0.0432432
7 0.500817 0.643243 0.130719 0.0594595
7 0.420343 0.598649 0.0972222 0.0297297
7 0.502042 0.77027 0.276961 0.194595
20 0.553513 0.524324 0.0236928 0.0702703
7 0.439951 0.575676 0.0694444 0.0162162
7 0.381127 0.643243 0.152778 0.0594595
8 0.383987 0.577027 0.0816993 0.0297297
7 0.500408 0.575676 0.0629085 0.0162162
7 0.500408 0.598649 0.0857843 0.0297297
7 0.260621 0.77027 0.349673 0.194595
2 0.0547386 0.481081 0.109477 0.551351
2 0.371324 0.494595 0.0106209 0.145946
2 0.20098 0.487838 0.0539216 0.354054
8 0.275327 0.647297 0.196078 0.0837838
5 0.371732 0.312162 0.0964052 0.624324
2 0.336193 0.493243 0.0171569 0.186486
2 0.319853 0.491892 0.0204248 0.205405
2 0.275327 0.490541 0.0310458 0.262162
8 0.406454 0.562162 0.0629085 0.0216216
2 0.243873 0.489189 0.0400327 0.302703
19 0.190768 0.521622 0.152778 0.372973
2 0.387255 0.495946 0.00816993 0.127027
2 0.393791 0.494595 0.00816993 0.118919
9 0.359886 0.477027 0.0138889 0.0459459
8 0.153186 0.781081 0.306373 0.237838
2 0.349673 0.493243 0.0147059 0.17027
2 0.379902 0.494595 0.00980392 0.135135
5 0.509804 0.402703 0.0473856 0.318919
2 0.36152 0.494595 0.0122549 0.156757
2 0.300245 0.491892 0.0253268 0.232432
19 0.126634 0.654054 0.0408497 0.162162
11 0.499592 0.558108 0.0285948 0.0891892
11 0.5 0.574324 0.0653595 0.181081
5 0.359477 0.531081 0.00163399 0.154054
