10 0.147876 0.705405 0.196078 0.589189
10 0.308007 0.537838 0.132353 0.572973

10 0.142974 0.712162 0.173203 0.575676
19 0.552696 0.541892 0.0122549 0.0189189
2 0.531046 0.536486 0.00653595 0.0351351
10 0.287582 0.563514 0.150327 0.586486
6 0.42116 0.708108 0.0629085 0.124324
19 0.596814 0.544595 0.0171569 0.0189189
2 0.580065 0.539189 0.0163399 0.0351351
2 0.558415 0.539189 0.0138889 0.0351351
2 0.622958 0.539189 0.0155229 0.0351351
17 0.413807 0.558108 0.0122549 0.04054052 0.361111 0.493243 0.0130719 0.159459
2 0.270425 0.489189 0.0326797 0.27027
2 0.0449346 0.478378 0.0898693 0.594595
17 0.405637 0.563514 0.0138889 0.0459459
10 0.616013 0.581081 0.0326797 0.0972973
2 0.189951 0.486486 0.0580065 0.372973
2 0.387663 0.494595 0.00898693 0.12973
2 0.394199 0.494595 0.00735294 0.118919
7 0.503268 0.708108 0.204248 0.124324
2 0.236111 0.489189 0.0424837 0.313514
7 0.321487 0.708108 0.249183 0.124324
2 0.296569 0.491892 0.0261438 0.237838
2 0.31781 0.491892 0.0212418 0.210811
2 0.334967 0.493243 0.0179739 0.191892
8 0.167892 0.716216 0.335784 0.156757
2 0.370915 0.493243 0.0114379 0.148649
2 0.379902 0.493243 0.00980392 0.137838
2 0.348856 0.493243 0.0147059 0.175676
7 0.400327 0.62027 0.133987 0.0567568
17 0.426879 0.548649 0.00898693 0.0324324
6 0.205882 0.885135 0.411765 0.22973
19 0.571078 0.537838 0.0196078 0.0324324
8 0.323938 0.62027 0.200163 0.110811
17 0.42116 0.552703 0.0106209 0.0351351
18 0.623366 0.460811 0.00653595 0.0459459
5 0.54902 0.412162 0.0277778 0.289189
5 0.54616 0.493243 0.00245098 0.208108
18 0.546977 0.435135 0.00735294 0.0810811
5 0.433415 0.393243 0.0531046 0.348649
17 0.43219 0.544595 0.00816993 0.0297297
4 0.611111 0.539189 0.00980392 0.132432
11 0.500817 0.622973 0.106209 0.294595
5 0.620098 0.494595 0.00163399 0.124324
11 0.501634 0.6 0.0490196 0.151351
