10 0.208742 0.528378 0.211601 0.943243
10 0.294118 0.489189 0.158497 0.594595
6 0.414624 0.716216 0.0678105 0.135135
10 0.314951 0.477027 0.111928 0.57027
20 0.575572 0.554054 0.0122549 0.0108108
19 0.607026 0.662162 0.0245098 0.151351
6 0.464869 0.587838 0.0163399 0.0243243
10 0.535131 0.431081 0.0196078 0.208108
19 0.660948 0.743243 0.0212418 0.205405
10 0.134804 0.713514 0.197712 0.572973
20 0.277778 0.555405 0.0490196 0.148649
19 0.646242 0.725676 0.0408497 0.218919
19 0.623775 0.689189 0.0318627 0.178378
10 0.247958 0.590541 0.151144 0.564865
7 0.44281 0.567568 0.0653595 0.0162162
7 0.308415 0.718919 0.268791 0.135135
7 0.500817 0.718919 0.21732 0.135135
8 0.297794 0.62973 0.169118 0.0702703
7 0.425654 0.587838 0.0882353 0.0243243
7 0.393382 0.625676 0.134804 0.0513514
8 0.357843 0.590541 0.106209 0.0405405
8 0.389706 0.57027 0.0767974 0.027027
6 0.201797 0.893243 0.403595 0.213514
7 0.5 0.587838 0.0784314 0.0243243
2 0.349673 0.490541 0.0147059 0.17027
2 0.336193 0.490541 0.0171569 0.186486
1 0.649101 0.231081 0.180556 0.164865
1 0.649101 0.231081 0.180556 0.164865
2 0.393382 0.491892 0.00735294 0.118919
1 0.649101 0.344595 0.180556 0.148649
1 0.649101 0.116216 0.180556 0.183784
2 0.379085 0.491892 0.00980392 0.135135
1 0.652778 0.482432 0.173203 0.175676
2 0.386846 0.490541 0.00898693 0.127027
8 0.604984 0.62973 0.13317 0.0702703
2 0.319853 0.489189 0.0204248 0.205405
1 0.649101 0.344595 0.180556 0.148649
2 0.360703 0.491892 0.0122549 0.156757
1 0.652778 0.482432 0.173203 0.175676
19 0.535131 0.541892 0.0212418 0.0351351
19 0.920752 0.787838 0.0784314 0.364865
8 0.163807 0.725676 0.327614 0.17027
1 0.649101 0.116216 0.180556 0.183784
2 0.370915 0.491892 0.0114379 0.145946
5 0.441176 0.408108 0.0441176 0.291892
2 0.0551471 0.478378 0.110294 0.551351
2 0.20098 0.485135 0.0539216 0.354054
2 0.299837 0.487838 0.0245098 0.22973
2 0.14134 0.482432 0.0751634 0.42973
5 0.515931 0.325676 0.0841503 0.57027
2 0.243056 0.485135 0.0400327 0.3
2 0.275327 0.487838 0.0310458 0.262162
11 0.499592 0.57973 0.0710784 0.197297
11 0.499183 0.551351 0.0261438 0.0810811
