6 0.194444 0.910811 0.388889 0.178378
6 0.402778 0.740541 0.0800654 0.162162
6 0.47018 0.57027 0.0122549 0.0162162
7 0.283497 0.741892 0.305556 0.164865
7 0.498366 0.740541 0.245098 0.162162
6 0.475082 0.556757 0.00898693 0.0108108
7 0.497958 0.556757 0.0498366 0.0108108
7 0.498366 0.57027 0.0620915 0.0162162
7 0.385212 0.632432 0.142974 0.0540541
7 0.497958 0.632432 0.123366 0.0540541
7 0.42116 0.591892 0.0923203 0.027027
6 0.44567 0.632432 0.0318627 0.0540541
6 0.461601 0.591892 0.0179739 0.027027
7 0.497958 0.591892 0.0825163 0.027027
10 0.0343137 0.766216 0.0686275 0.0945946
8 0.157271 0.752703 0.314542 0.202703
8 0.350082 0.594595 0.111928 0.0432432
8 0.555556 0.572973 0.0669935 0.027027
8 0.406454 0.558108 0.0612745 0.0189189
10 0.0473856 0.801351 0.0947712 0.116216
8 0.573938 0.594595 0.0906863 0.0432432
10 0.14134 0.706757 0.0816993 0.072973
7 0.450572 0.556757 0.0531046 0.0108108
7 0.439134 0.57027 0.0678105 0.0162162
8 0.384804 0.572973 0.0800654 0.027027
8 0.708333 0.751351 0.300654 0.2
8 0.544526 0.558108 0.0531046 0.0189189
8 0.284314 0.637838 0.183007 0.0756757
10 0.170752 0.686486 0.0457516 0.0648649
10 0.0792484 0.714865 0.0947712 0.0783784
10 0.0796569 0.72027 0.0482026 0.0783784
10 0.112745 0.702703 0.0882353 0.0540541
10 0.14951 0.705405 0.0784314 0.0540541
10 0.0902778 0.672973 0.0465686 0.0432432
10 0.0490196 0.727027 0.0980392 0.0810811
10 0.156046 0.663514 0.0571895 0.0405405
10 0.0486111 0.708108 0.0841503 0.0540541
10 0.150735 0.660811 0.0220588 0.0459459
10 0.200163 0.648649 0.0522876 0.0324324
10 0.0412582 0.708108 0.0694444 0.0648649
10 0.0571895 0.714865 0.0833333 0.0513514
10 0.0196078 0.702703 0.0392157 0.0540541
10 0.13848 0.666216 0.0204248 0.0459459
10 0.13848 0.678378 0.0514706 0.0486486
10 0.0653595 0.760811 0.112745 0.1
10 0.341912 0.57973 0.0285948 0.0189189
10 0.193627 0.641892 0.0490196 0.0297297
10 0.329657 0.593243 0.0318627 0.0189189
10 0.341503 0.586486 0.0196078 0.0216216
10 0.32884 0.589189 0.0204248 0.0216216
10 0.354575 0.586486 0.0294118 0.0216216
10 0.226307 0.627027 0.0147059 0.0324324
10 0.225082 0.637838 0.0465686 0.0324324
10 0.321487 0.604054 0.0285948 0.0297297
10 0.343137 0.589189 0.0130719 0.0216216
10 0.299837 0.6 0.0245098 0.027027
10 0.216503 0.627027 0.0147059 0.0324324
10 0.180964 0.639189 0.0482026 0.0351351
10 0.318219 0.598649 0.0351307 0.0243243
10 0.341503 0.595946 0.0310458 0.0243243
10 0.236111 0.628378 0.0424837 0.0351351
10 0.362745 0.568919 0.0245098 0.0135135
10 0.376225 0.577027 0.0269608 0.0189189
10 0.379493 0.568919 0.0253268 0.0189189
10 0.368056 0.577027 0.0269608 0.0189189
10 0.345997 0.575676 0.0269608 0.0162162
10 0.360294 0.577027 0.0179739 0.0189189
10 0.353758 0.577027 0.0277778 0.0189189
10 0.368873 0.564865 0.0220588 0.0162162
10 0.376225 0.571622 0.0220588 0.0189189
10 0.366013 0.581081 0.0114379 0.0216216
10 0.385212 0.559459 0.0204248 0.0162162
10 0.375 0.560811 0.0212418 0.0135135
10 0.376634 0.559459 0.0163399 0.0162162
10 0.375408 0.563514 0.0106209 0.0189189
10 0.392974 0.563514 0.0228758 0.0135135
10 0.383987 0.559459 0.0130719 0.0162162
10 0.397876 0.562162 0.0179739 0.0162162
10 0.377859 0.562162 0.0122549 0.0162162
10 0.378676 0.564865 0.0236928 0.0162162
10 0.324346 0.581081 0.0245098 0.0216216
10 0.368873 0.572973 0.0253268 0.0162162
10 0.329248 0.587838 0.0130719 0.0243243
10 0.364379 0.562162 0.00816993 0.0162162
10 0.372141 0.571622 0.0204248 0.0189189
10 0.357843 0.567568 0.0147059 0.0162162
10 0.335784 0.583784 0.0294118 0.0216216
10 0.376225 0.563514 0.0220588 0.0189189
10 0.324346 0.577027 0.0261438 0.0189189
10 0.380719 0.567568 0.0147059 0.0162162
10 0.330882 0.582432 0.0294118 0.0189189
10 0.351716 0.571622 0.0171569 0.0189189
10 0.35866 0.574324 0.0261438 0.0189189
10 0.339461 0.577027 0.0236928 0.0189189
10 0.388072 0.563514 0.0212418 0.0135135
10 0.341095 0.574324 0.0204248 0.0189189
10 0.256944 0.614865 0.0383987 0.0243243
10 0.270833 0.597297 0.0285948 0.0216216
10 0.316585 0.591892 0.0318627 0.0216216
10 0.259804 0.613514 0.0179739 0.0324324
10 0.256127 0.6 0.0351307 0.0216216
10 0.308007 0.591892 0.0294118 0.0216216
10 0.270833 0.604054 0.0318627 0.0243243
10 0.298203 0.586486 0.0147059 0.0216216
10 0.20384 0.621622 0.0433007 0.0324324
10 0.231618 0.612162 0.0400327 0.0297297
10 0.283497 0.594595 0.0212418 0.0216216
10 0.244281 0.617568 0.0326797 0.0297297
10 0.298611 0.598649 0.0171569 0.0243243
10 0.27451 0.598649 0.0228758 0.0243243
10 0.259395 0.610811 0.0367647 0.0216216
10 0.217729 0.610811 0.0302288 0.027027
10 0.224265 0.624324 0.0351307 0.0324324
10 0.205065 0.624324 0.0359477 0.0324324
10 0.22835 0.618919 0.0400327 0.027027
10 0.191176 0.635135 0.0473856 0.0324324
10 0.171569 0.639189 0.0473856 0.0297297
10 0.247958 0.608108 0.0253268 0.027027
10 0.264706 0.601351 0.0326797 0.0243243
10 0.170752 0.62973 0.0473856 0.0324324
10 0.200572 0.627027 0.0449346 0.027027
10 0.198938 0.618919 0.0400327 0.0324324
10 0.206699 0.614865 0.0375817 0.0243243
10 0.181373 0.633784 0.0359477 0.0351351
10 0.365196 0.564865 0.0196078 0.0162162
10 0.325572 0.572973 0.0236928 0.0162162
10 0.359477 0.566216 0.0212418 0.0135135
10 0.275327 0.591892 0.0294118 0.0216216
10 0.305556 0.582432 0.0261438 0.0189189
10 0.350899 0.57027 0.0138889 0.0162162
10 0.33701 0.57027 0.0204248 0.0162162
10 0.354575 0.567568 0.0212418 0.0162162
10 0.317402 0.577027 0.0220588 0.0189189
10 0.313317 0.578378 0.0253268 0.0162162
10 0.351716 0.57027 0.0122549 0.0162162
10 0.31781 0.577027 0.0212418 0.0189189
10 0.270833 0.604054 0.0334967 0.0243243
10 0.30433 0.585135 0.0106209 0.0189189
10 0.340278 0.575676 0.0236928 0.0162162
10 0.296977 0.593243 0.0138889 0.0243243
10 0.262663 0.595946 0.0269608 0.0243243
10 0.288399 0.593243 0.0310458 0.0189189
10 0.311683 0.575676 0.0253268 0.0162162
10 0.31781 0.582432 0.0163399 0.0189189
10 0.29616 0.591892 0.0220588 0.0216216
10 0.397467 0.560811 0.0106209 0.0135135
10 0.286356 0.594595 0.0236928 0.0216216
10 0.303922 0.581081 0.0179739 0.0216216
10 0.399918 0.556757 0.0187908 0.0108108
10 0.404412 0.552703 0.0130719 0.0135135
10 0.392157 0.558108 0.0179739 0.0135135
10 0.407271 0.555405 0.00735294 0.0135135
10 0.398693 0.556757 0.0196078 0.0108108
10 0.35049 0.566216 0.0212418 0.0135135
10 0.390931 0.555405 0.0155229 0.0135135
10 0.399918 0.559459 0.0204248 0.0162162
10 0.398284 0.544595 0.0155229 0.0135135
10 0.392565 0.551351 0.0106209 0.0108108
10 0.395833 0.551351 0.0171569 0.0108108
10 0.393791 0.551351 0.0179739 0.0108108
10 0.408088 0.545946 0.0138889 0.0108108
10 0.404003 0.545946 0.0171569 0.0108108
10 0.42402 0.543243 0.0163399 0.0108108
10 0.412582 0.545946 0.0163399 0.0108108
10 0.41585 0.545946 0.0130719 0.0108108
10 0.413399 0.541892 0.0147059 0.00810811
10 0.41585 0.55 0.0179739 0.0135135
10 0.412582 0.545946 0.0114379 0.0108108
10 0.403595 0.545946 0.0114379 0.0108108
10 0.410539 0.543243 0.0106209 0.0108108
10 0.410131 0.545946 0.0163399 0.0108108
10 0.402778 0.543243 0.0163399 0.0108108
10 0.428513 0.540541 0.0155229 0.0108108
10 0.406454 0.545946 0.0155229 0.0108108
10 0.42402 0.540541 0.0114379 0.0108108
10 0.393791 0.554054 0.0179739 0.0108108
10 0.421977 0.540541 0.0138889 0.0108108
10 0.412582 0.543243 0.0114379 0.0108108
10 0.414216 0.541892 0.0147059 0.00810811
10 0.422794 0.543243 0.0138889 0.0108108
10 0.346405 0.568919 0.0179739 0.0135135
10 0.343954 0.563514 0.0130719 0.0135135
10 0.386846 0.551351 0.0171569 0.0108108
10 0.391748 0.55 0.0106209 0.0135135
10 0.356209 0.566216 0.0130719 0.0135135
10 0.388072 0.552703 0.0179739 0.0135135
10 0.38031 0.554054 0.0155229 0.0108108
10 0.344363 0.566216 0.0220588 0.0135135
10 0.392157 0.551351 0.00980392 0.0108108
10 0.36969 0.555405 0.0122549 0.0135135
10 0.361111 0.562162 0.0163399 0.0162162
10 0.404003 0.548649 0.0106209 0.0108108
10 0.362745 0.558108 0.0196078 0.0135135
10 0.372141 0.558108 0.0155229 0.0135135
10 0.333333 0.572973 0.0228758 0.0162162
10 0.376634 0.555405 0.00816993 0.0135135
10 0.386029 0.548649 0.0171569 0.0108108
10 0.337418 0.567568 0.00980392 0.0162162
10 0.375408 0.555405 0.00735294 0.0135135
10 0.374183 0.554054 0.0179739 0.0108108
10 0.335784 0.572973 0.0245098 0.0162162
10 0.344363 0.567568 0.0204248 0.0162162
10 0.328431 0.57027 0.00816993 0.0162162
10 0.344363 0.567568 0.0220588 0.0162162
10 0.537173 0.545946 0.0138889 0.0108108
10 0.535131 0.545946 0.0147059 0.0108108
10 0.385212 0.548649 0.0138889 0.0108108
10 0.392974 0.55 0.00816993 0.0135135
10 0.564951 0.545946 0.0155229 0.0108108
10 0.323938 0.572973 0.0204248 0.0162162
10 0.393382 0.548649 0.0155229 0.0108108
10 0.564542 0.545946 0.0147059 0.0108108
10 0.386438 0.552703 0.0114379 0.0135135
10 0.392565 0.548649 0.0138889 0.0108108
10 0.533905 0.548649 0.0155229 0.0108108
10 0.393791 0.548649 0.0147059 0.0108108
10 0.547386 0.545946 0.0147059 0.0108108
10 0.529412 0.545946 0.0147059 0.0108108
10 0.549837 0.548649 0.0147059 0.0108108

10 0.528595 0.548649 0.0147059 0.0108108
10 0.564542 0.548649 0.0163399 0.0108108
10 0.5625 0.55 0.0106209 0.0135135
10 0.548203 0.55 0.0130719 0.0135135
10 0.560866 0.548649 0.0155229 0.0108108
10 0.531863 0.555405 0.0147059 0.0135135
10 0.555964 0.55 0.0122549 0.0135135
10 0.546977 0.548649 0.0155229 0.0108108
10 0.543301 0.548649 0.0163399 0.0108108
10 0.559641 0.548649 0.0163399 0.0108108
10 0.527778 0.548649 0.0147059 0.0108108

10 0.547794 0.551351 0.0171569 0.0108108
10 0.560049 0.558108 0.0187908 0.0135135
10 0.556781 0.552703 0.0171569 0.0135135
10 0.561683 0.558108 0.00898693 0.0135135
10 0.539216 0.562162 0.0130719 0.0162162
10 0.546977 0.564865 0.0155229 0.0162162
10 0.563725 0.562162 0.0179739 0.0162162
10 0.582925 0.562162 0.0204248 0.0162162
10 0.571078 0.560811 0.0147059 0.0135135
10 0.576797 0.560811 0.0163399 0.0135135
10 0.560866 0.563514 0.0204248 0.0135135
10 0.556373 0.556757 0.0179739 0.0108108
10 0.547386 0.560811 0.00980392 0.0135135
10 0.552696 0.559459 0.0155229 0.0162162
10 0.54085 0.555405 0.0179739 0.0135135
10 0.553513 0.560811 0.0204248 0.0135135
10 0.561275 0.559459 0.0196078 0.0162162
10 0.556373 0.555405 0.0163399 0.0135135
10 0.607026 0.586486 0.0228758 0.0216216
10 0.550245 0.574324 0.0236928 0.0189189
10 0.57598 0.572973 0.0228758 0.0162162


10 0.591912 0.575676 0.0253268 0.0162162
10 0.575163 0.581081 0.0261438 0.0216216
10 0.609477 0.604054 0.0326797 0.0243243
10 0.576389 0.591892 0.0302288 0.0216216
10 0.585784 0.609459 0.0326797 0.0297297
10 0.575163 0.567568 0.0212418 0.0162162
10 0.612745 0.597297 0.0245098 0.027027
10 0.647059 0.627027 0.0408497 0.0324324
10 0.597222 0.637838 0.0408497 0.0378378
10 0.679739 0.639189 0.0392157 0.0405405
10 0.633578 0.617568 0.0400327 0.0297297
10 0.637663 0.6 0.0334967 0.0216216
10 0.667484 0.621622 0.0343137 0.0324324
10 0.620507 0.597297 0.0285948 0.027027
10 0.649101 0.621622 0.0334967 0.0324324
10 0.59518 0.621622 0.0400327 0.0324324
10 0.586193 0.614865 0.0122549 0.0297297
10 0.614379 0.62973 0.0424837 0.0324324

10 0.596405 0.606757 0.0163399 0.0297297
10 0.690768 0.709459 0.0400327 0.0675676
10 0.690768 0.644595 0.0498366 0.0405405
10 0.803513 0.717568 0.0580065 0.0675676
10 0.61969 0.652703 0.0351307 0.0459459
10 0.619281 0.643243 0.0473856 0.0324324
10 0.618873 0.698649 0.0465686 0.0621622
10 0.65768 0.641892 0.0179739 0.0405405
10 0.749592 0.695946 0.0596405 0.0567568
10 0.622549 0.689189 0.0604575 0.0486486
10 0.609477 0.65 0.0473856 0.0351351
10 0.705882 0.662162 0.0539216 0.0432432
10 0.594771 0.625676 0.0408497 0.0297297
10 0.67933 0.655405 0.0514706 0.0459459
10 0.66585 0.660811 0.0261438 0.0459459
10 0.776144 0.716216 0.0343137 0.0702703
10 0.755719 0.686486 0.0277778 0.0594595
10 0.732435 0.695946 0.0302288 0.0621622
10 0.742239 0.745946 0.0841503 0.0756757
10 0.653186 0.718919 0.0531046 0.0702703
10 0.732435 0.754054 0.0874183 0.0864865
10 0.797794 0.778378 0.0972222 0.0756757
10 0.940359 0.82973 0.119281 0.124324
10 0.784314 0.918919 0.0735294 0.162162
10 0.809641 0.925676 0.165033 0.148649

10 0.826797 0.804054 0.0767974 0.105405
10 0.937092 0.845946 0.125817 0.140541
10 0.779003 0.781081 0.10049 0.102703

