19 0.574755 0.527027 0.0400327 0.0486486
19 0.416667 0.537838 0.00490196 0.0540541
6 0.419526 0.704054 0.0612745 0.116216
10 0.642974 0.516216 0.0163399 0.0540541
6 0.205065 0.881081 0.410131 0.237838
6 0.464869 0.587838 0.0163399 0.0243243
10 0.425245 0.517568 0.0106209 0.0351351
6 0.472631 0.568919 0.0106209 0.0135135
10 0.395833 0.513514 0.0187908 0.0648649
6 0.451389 0.622973 0.0269608 0.0459459
19 0.794118 0.813514 0.305556 0.372973
1 0.82598 0.235135 0.348039 0.362162

1 0.826797 0.167568 0.346405 0.254054
8 0.305964 0.627027 0.159314 0.0648649
7 0.427288 0.587838 0.0849673 0.0243243
7 0.322304 0.704054 0.242647 0.116216
5 0.512663 0.378378 0.0596405 0.4
20 0.627859 0.537838 0.00898693 0.0324324
7 0.443627 0.568919 0.0637255 0.0135135
8 0.553513 0.57027 0.0629085 0.027027
8 0.391748 0.57027 0.0743464 0.027027
19 0.425245 0.536486 0.0187908 0.0297297
8 0.599265 0.627027 0.125 0.0648649
7 0.498775 0.587838 0.0759804 0.0243243
8 0.36152 0.589189 0.102124 0.0378378
19 0.395425 0.551351 0.0277778 0.0432432
8 0.569853 0.589189 0.0841503 0.0378378
7 0.498366 0.704054 0.197712 0.116216
7 0.397059 0.622973 0.127451 0.0459459
7 0.498775 0.622973 0.110294 0.0459459
8 0.672386 0.710811 0.238562 0.151351
12 0.818627 0.552703 0.362745 0.181081
7 0.499183 0.556757 0.0473856 0.0108108
19 0.642974 0.541892 0.0245098 0.0351351
5 0.322712 0.343243 0.143791 0.686486
7 0.499183 0.568919 0.0588235 0.0135135
11 0.499183 0.539189 0.0294118 0.0621622
1 0.238971 0.374324 0.267157 0.451351
