7 0.408088 0.564865 0.0694444 0.0162162

0.743873 0.618919 0.494281 0.108108
1 0.597631 0.256757 0.154412 0.145946
17 0.294935 0.602703 0.0375817 0.0864865
2 0.344363 0.487838 0.0106209 0.137838
7 0.38031 0.594595 0.111928 0.0432432
2 0.335376 0.486486 0.0122549 0.145946
2 0.945261 0.591892 0.0375817 0.0864865
2 0.982435 0.589189 0.0351307 0.0864865
2 0.259804 0.483784 0.0261438 0.237838
1 0.597631 0.154054 0.154412 0.162162
17 0.205882 0.662162 0.0800654 0.145946
2 0.233252 0.482432 0.0334967 0.267568
18 0.761029 0.398649 0.0171569 0.116216
5 0.418301 0.412162 0.0392157 0.262162
2 0.281046 0.483784 0.0212418 0.210811
2 0.152778 0.481081 0.0588235 0.367568
2 0.352533 0.486486 0.00898693 0.12973
1 0.597631 0.358108 0.154412 0.132432
7 0.532271 0.848649 0.935458 0.302703
1 0.597631 0.154054 0.154412 0.162162
2 0.359477 0.487838 0.00816993 0.121622
2 0.298203 0.485135 0.0179739 0.191892
1 0.597631 0.256757 0.154412 0.145946
19 0.749183 0.536486 0.0375817 0.17027
2 0.3125 0.486486 0.0155229 0.172973
2 0.198938 0.482432 0.0433007 0.310811
2 0.0866013 0.477027 0.0849673 0.451351
2 0.325163 0.486486 0.0130719 0.162162
5 0.754085 0.483784 0.00490196 0.302703
11 0.412173 0.531081 0.0367647 0.0783784
18 0.344363 0.432432 0.00898693 0.0756757
5 0.343137 0.486486 0.00326797 0.2
9 0.494281 0.478378 0.00816993 0.027027
9 0.387663 0.478378 0.00898693 0.027027
5 0.479984 0.37027 0.0596405 0.405405
11 0.464052 0.558108 0.0571895 0.159459
17 0.114379 0.725676 0.138889 0.213514
