10 0.504902 0.751351 0.133987 0.497297
10 0.277778 0.825676 0.187908 0.348649
8 0.929739 0.644595 0.140523 0.0837838
2 0.655229 0.493243 0.0130719 0.154054
2 0.66585 0.493243 0.0114379 0.143243
7 0.656046 0.658108 0.179739 0.0783784
2 0.629902 0.493243 0.0163399 0.175676
10 0.57598 0.631081 0.135621 0.597297
10 0.940359 0.577027 0.0326797 0.0891892
10 0.390931 0.787838 0.169118 0.424324
2 0.675245 0.494595 0.0106209 0.135135
7 0.808007 0.624324 0.124183 0.0486486
2 0.643382 0.493243 0.0155229 0.164865
2 0.614379 0.491892 0.0196078 0.189189
10 0.954248 0.566216 0.0326797 0.0783784
10 0.482435 0.77027 0.129902 0.459459
2 0.748366 0.5 0.503268 1
2 0.683824 0.494595 0.00980392 0.12973
8 0.55719 0.641892 0.181373 0.0837838
2 0.595588 0.490541 0.0228758 0.208108

7 0.79616 0.686486 0.188725 0.108108
8 0.629493 0.604054 0.123366 0.0513514
6 0.722631 0.664865 0.0580065 0.0702703
2 0.573938 0.489189 0.0269608 0.227027
2 0.515931 0.487838 0.0383987 0.278378
17 0.729984 0.55 0.0106209 0.0351351
2 0.547794 0.489189 0.0318627 0.248649
11 0.810049 0.566216 0.0367647 0.1
11 0.801471 0.571622 0.0686275 0.17027
5 0.830065 0.324324 0.101307 0.589189
5 0.860294 0.495946 0.00326797 0.17027
5 0.754085 0.410811 0.0490196 0.297297
17 0.736111 0.545946 0.00980392 0.0324324
18 0.860703 0.448649 0.00735294 0.0648649
