10 0.147876 0.251351 0.0588235 0.124324
7 0.283088 0.747297 0.309641 0.164865
7 0.386846 0.636486 0.144608 0.0567568
6 0.447304 0.635135 0.0318627 0.0540541
7 0.5 0.559459 0.0490196 0.0108108
6 0.471814 0.572973 0.0122549 0.0162162
7 0.5 0.572973 0.0620915 0.0162162
6 0.476716 0.559459 0.00898693 0.0108108
7 0.500408 0.636486 0.125 0.0567568
7 0.501225 0.747297 0.249183 0.164865
7 0.422794 0.594595 0.0923203 0.027027
6 0.404412 0.744595 0.0816993 0.164865
10 0.197304 0.285135 0.0482026 0.105405
7 0.500408 0.594595 0.0825163 0.027027
6 0.463235 0.594595 0.0179739 0.027027
8 0.386438 0.574324 0.0800654 0.0297297
7 0.441176 0.572973 0.0686275 0.0162162
8 0.285131 0.640541 0.184641 0.0756757
12 0.727124 0.651351 0.0866013 0.145946
8 0.576389 0.597297 0.0923203 0.0432432
8 0.351716 0.597297 0.111928 0.0432432
8 0.546977 0.560811 0.0531046 0.0189189
8 0.612337 0.640541 0.142974 0.0756757
7 0.452614 0.559459 0.0539216 0.0108108
12 0.232026 0.602703 0.0441176 0.0810811
12 0.197304 0.614865 0.0547386 0.0945946
8 0.558007 0.574324 0.0669935 0.0297297
8 0.714869 0.756757 0.30719 0.205405
12 0.259804 0.590541 0.0359477 0.072973
12 0.351716 0.555405 0.0155229 0.0405405
10 0.205065 0.306757 0.0326797 0.1
10 0.269608 0.35 0.0441176 0.121622
12 0.330065 0.562162 0.0196078 0.0486486
17 0.0796569 0.785135 0.14134 0.245946
12 0.282271 0.581081 0.0302288 0.0648649
12 0.341912 0.558108 0.0171569 0.0459459
10 0.284314 0.5 0.0441176 0.113514
12 0.300654 0.574324 0.0261438 0.0567568
12 0.316585 0.568919 0.0220588 0.0513514
10 0.383987 0.55 0.0310458 0.0891892
10 0.237745 0.322973 0.0375817 0.0891892
15 0.46201 0.693243 0.92402 0.305405
10 0.331699 0.543243 0.0702614 0.183784
17 0.174428 0.718919 0.0890523 0.178378
10 0.336601 0.543243 0.0751634 0.183784
17 0.72018 0.858108 0.118464 0.283784
10 0.171977 0.477027 0.298203 0.640541
17 0.596405 0.678378 0.0310458 0.140541
17 0.653595 0.787838 0.0653595 0.251351
17 0.23366 0.677027 0.0620915 0.137838
5 0.511029 0.413514 0.0416667 0.281081
17 0.618464 0.72027 0.0424837 0.181081
