6 0.205065 0.883784 0.410131 0.232432
7 0.454248 0.559459 0.0506536 0.0108108
15 0.419118 0.656757 0.838235 0.237838
7 0.5 0.559459 0.0473856 0.0108108
15 0.459967 0.560811 0.326797 0.0837838
8 0.676471 0.714865 0.243464 0.154054
7 0.500408 0.708108 0.201797 0.118919
8 0.554739 0.572973 0.0637255 0.027027
8 0.600899 0.62973 0.126634 0.0648649
7 0.427696 0.590541 0.0857843 0.0243243
17 0.0718954 0.797297 0.143791 0.259459
7 0.5 0.571622 0.0588235 0.0135135
6 0.452206 0.625676 0.0269608 0.0459459
8 0.571078 0.591892 0.0849673 0.0378378
7 0.444036 0.571622 0.0645425 0.0135135
6 0.419526 0.708108 0.0612745 0.118919
7 0.5 0.590541 0.0767974 0.0243243
6 0.473039 0.571622 0.0114379 0.0135135
15 0.442402 0.587838 0.477941 0.121622
7 0.5 0.625676 0.111111 0.0459459
19
7 0.397467 0.625676 0.128268 0.0459459
6 0.465686 0.590541 0.0163399 0.0243243
17 0.272876 0.652703 0.0473856 0.116216
17 0.303513 0.632432 0.0367647 0.0972973
17 0.344771 0.604054 0.0245098 0.072973
17 0.326797 0.617568 0.0294118 0.0837838
17 0.372141 0.586486 0.0171569 0.0594595
17 0.168301 0.727027 0.0931373 0.183784
17 0.359886 0.594595 0.0204248 0.0648649
17 0.230392 0.682432 0.0637255 0.143243
17 0.523284 0.543243 0.00408497 0.027027
17 0.420343 0.552703 0.00898693 0.0351351
17 0.52451 0.544595 0.00490196 0.0297297
17 0.428105 0.548649 0.00653595 0.0324324
17 0.525327 0.548649 0.00490196 0.0324324
17 0.410948 0.559459 0.00980392 0.0378378
17 0.434232 0.543243 0.00571895 0.027027
17 0.431373 0.544595 0.00653595 0.0297297
17 0.424428 0.551351 0.00735294 0.0324324
17 0.40482 0.563514 0.0106209 0.0405405
17 0.398284 0.568919 0.0122549 0.0459459
17 0.526961 0.551351 0.00490196 0.0324324
17 0.415441 0.556757 0.00898693 0.0378378
17 0.390931 0.572973 0.0138889 0.0486486
17 0.381944 0.578378 0.0155229 0.0540541
17 0.546977 0.586486 0.0106209 0.0594595
17 0.536765 0.568919 0.00816993 0.0459459
17 0.542892 0.578378 0.00898693 0.0540541
17 0.534314 0.563514 0.00653595 0.0405405
17 0.528595 0.552703 0.00490196 0.0351351
17 0.539624 0.572973 0.00898693 0.0486486
17 0.532271 0.559459 0.00571895 0.0378378
17 0.530229 0.556757 0.00653595 0.0378378
17 0.663399 0.801351 0.0702614 0.262162
5 0.422386 0.383784 0.0588235 0.389189
17 0.551471 0.594595 0.0114379 0.0648649
17 0.55719 0.604054 0.0147059 0.072973
17 0.601307 0.685135 0.0326797 0.143243
17 0.738154 0.863514 0.131536 0.272973
17 0.564134 0.617568 0.0171569 0.0837838
17 0.584967 0.655405 0.0245098 0.116216
17 0.573121 0.632432 0.0204248 0.0972973
17 0.625 0.728378 0.0457516 0.186486
