6 0.196895 0.908108 0.393791 0.183784
6 0.40768 0.739189 0.0767974 0.154054
6 0.448121 0.635135 0.0302288 0.0540541
8 0.35335 0.598649 0.110294 0.0405405
7 0.388889 0.635135 0.140523 0.0540541
8 0.609477 0.639189 0.138889 0.072973
7 0.423611 0.595946 0.0906863 0.0243243
6 0.471814 0.575676 0.0122549 0.0162162
7 0.499592 0.575676 0.0612745 0.0162162
7 0.5 0.635135 0.120915 0.0540541
8 0.55719 0.575676 0.0669935 0.027027
8 0.289624 0.639189 0.178922 0.072973
7 0.5 0.595946 0.0816993 0.0243243
8 0.159722 0.748649 0.319444 0.194595
7 0.453023 0.562162 0.0531046 0.0108108
7 0.292075 0.739189 0.294935 0.154054
6 0.463644 0.595946 0.0171569 0.0243243
8 0.704657 0.748649 0.291667 0.194595
8 0.574755 0.598649 0.0906863 0.0405405
7 0.500408 0.739189 0.237745 0.154054
7 0.441993 0.575676 0.0669935 0.0162162
7 0.5 0.562162 0.0490196 0.0108108
10 0.0224673 0.832432 0.0449346 0.12973
8 0.54616 0.562162 0.0531046 0.0216216
10 0.0359477 0.752703 0.0718954 0.0675676
10 0.0441176 0.785135 0.0882353 0.105405
10 0.148693 0.687838 0.0751634 0.0567568
10 0.224265 0.651351 0.0253268 0.0432432
10 0.0179739 0.758108 0.0359477 0.0945946
10 0.176062 0.705405 0.0596405 0.0648649
10 0.195261 0.674324 0.0620915 0.0513514
10 0.261029 0.648649 0.0367647 0.0432432
10 0.138889 0.717568 0.0686275 0.072973
10 0.0371732 0.748649 0.0743464 0.0702703
10 0.201389 0.682432 0.0351307 0.0567568
10 0.151961 0.683784 0.0261438 0.0594595
10 0.162173 0.690541 0.0383987 0.0567568
10 0.261846 0.65 0.0547386 0.0405405
10 0.136029 0.735135 0.0939542 0.0756757
10 0.301062 0.62027 0.0433007 0.0297297
10 0.201797 0.658108 0.0424837 0.0459459
10 0.238971 0.639189 0.0531046 0.0405405
10 0.279003 0.633784 0.0433007 0.0405405
10 0.200163 0.672973 0.0637255 0.0486486
10 0.229167 0.643243 0.0236928 0.0378378
10 0.294118 0.632432 0.0441176 0.0324324
10 0.171569 0.656757 0.0620915 0.0486486
10 0.242647 0.631081 0.0490196 0.0351351
10 0.181373 0.681081 0.0555556 0.0486486
10 0.242239 0.639189 0.0531046 0.0351351
10 0.268791 0.636486 0.0506536 0.0405405
10 0.186275 0.655405 0.0588235 0.0459459
10 0.0400327 0.741892 0.0800654 0.0837838
10 0.0543301 0.728378 0.0433007 0.0783784
10 0.0866013 0.693243 0.0637255 0.0567568
10 0.0714869 0.716216 0.0808824 0.0594595
10 0.0142974 0.774324 0.0285948 0.0783784
10 0.066585 0.7 0.0841503 0.0648649
10 0.0625 0.704054 0.0710784 0.0513514
10 0.0363562 0.733784 0.0727124 0.072973
10 0.141748 0.697297 0.0302288 0.0594595
10 0.178513 0.675676 0.0482026 0.0486486
10 0.0870098 0.706757 0.0727124 0.0621622
10 0.689542 0.644595 0.0179739 0.0405405
10 0.178922 0.659459 0.0555556 0.0378378
10 0.170343 0.666216 0.0563725 0.0351351
10 0.0759804 0.691892 0.0718954 0.0540541
10 0.680147 0.631081 0.0433007 0.0297297
10 0.671569 0.633784 0.0441176 0.0351351
10 0.0935458 0.675676 0.0253268 0.0486486
10 0.58701 0.652703 0.0400327 0.0405405
10 0.153186 0.677027 0.0318627 0.0513514
10 0.176062 0.659459 0.0547386 0.0432432
10 0.705882 0.65 0.0408497 0.0405405
10 0.598039 0.651351 0.0457516 0.0378378
10 0.644199 0.631081 0.0433007 0.0297297
10 0.590686 0.635135 0.0424837 0.0324324
10 0.107843 0.668919 0.0212418 0.0459459
10 0.622958 0.654054 0.0465686 0.0432432
10 0.667892 0.690541 0.0629085 0.0459459
10 0.656863 0.655405 0.0506536 0.0351351
10 0.68219 0.675676 0.0196078 0.0540541
10 0.613562 0.702703 0.0555556 0.0594595
10 0.611111 0.686486 0.0588235 0.0432432
10 0.724265 0.667568 0.0563725 0.0378378
10 0.699755 0.714865 0.0400327 0.0675676
10 0.631127 0.689189 0.0612745 0.0432432
10 0.623366 0.664865 0.0522876 0.0378378
10 0.727941 0.710811 0.0326797 0.0648649
10 0.680556 0.691892 0.0637255 0.0540541
10 0.762663 0.718919 0.0645425 0.0702703
10 0.760621 0.706757 0.0735294 0.0513514
10 0.730801 0.694595 0.0645425 0.0486486
10 0.700163 0.706757 0.0506536 0.0621622
10 0.650327 0.664865 0.0343137 0.0486486
10 0.74469 0.706757 0.0710784 0.0621622
10 0.745098 0.833784 0.116013 0.0945946
10 0.699755 0.854054 0.0661765 0.140541
10 0.898693 0.836486 0.120915 0.0945946
10 0.64665 0.744595 0.0465686 0.0837838
10 0.721814 0.747297 0.0792484 0.0675676
10 0.745507 0.801351 0.103758 0.0891892
10 0.821487 0.797297 0.0939542 0.0918919
10 0.875408 0.882432 0.146242 0.110811
10 0.935049 0.843243 0.129902 0.12973
10 0.95915 0.944595 0.0816993 0.110811
10 0.916667 0.914865 0.116013 0.154054
10 0.775327 0.762162 0.0931373 0.0648649
17 0.419935 0.555405 0.00816993 0.0351351
17 0.526144 0.548649 0.00490196 0.0324324
17 0.415441 0.556757 0.00898693 0.0378378
15 0.468546 0.548649 0.258987 0.0648649
17 0.524101 0.544595 0.00408497 0.0297297
17 0.525327 0.547297 0.00490196 0.0297297
17 0.42402 0.551351 0.00816993 0.0324324
17 0.436683 0.543243 0.00571895 0.027027
10 0.844363 0.854054 0.0710784 0.135135
17 0.410131 0.560811 0.00980392 0.0405405
17 0.430964 0.547297 0.00735294 0.0297297
17 0.397467 0.568919 0.0122549 0.0459459
17 0.427696 0.548649 0.00735294 0.0324324
17 0.342729 0.608108 0.0253268 0.0756757
17 0.390114 0.574324 0.0138889 0.0513514
17 0.434232 0.544595 0.00571895 0.0297297
17 0.381127 0.581081 0.0155229 0.0540541
17 0.370098 0.587838 0.0179739 0.0621622
17 0.404412 0.564865 0.0114379 0.0432432
15 0.474673 0.539189 0.207516 0.0513514
15 0.458333 0.564865 0.346405 0.0864865
17 0.529003 0.555405 0.00571895 0.0351351
17 0.357843 0.595946 0.0212418 0.0675676
17 0.527778 0.551351 0.00490196 0.0324324
17 0.535539 0.564865 0.00735294 0.0432432
17 0.53799 0.568919 0.00735294 0.0459459
17 0.54085 0.574324 0.00816993 0.0513514
17 0.533497 0.560811 0.00653595 0.0405405
17 0.544118 0.581081 0.00980392 0.0540541
17 0.531046 0.556757 0.00653595 0.0378378
17 0.553513 0.595946 0.0122549 0.0675676
5 0.513889 0.390541 0.0555556 0.37027
17 0.559232 0.608108 0.0138889 0.0756757
17 0.548611 0.587838 0.0106209 0.0621622
