1 0.624592 0.151351 0.0792484 0.227027
20 0.283088 0.52973 0.0122549 0.0486486
7 0.368056 0.578378 0.0204248 0.00540541
20 0.236111 0.512162 0.0506536 0.110811
20 0.252042 0.536486 0.0138889 0.0567568
20 0.276961 0.528378 0.0114379 0.0459459
20 0.170343 0.510811 0.0498366 0.102703
10 0.573121 0.513514 0.0187908 0.0702703
19 0.629493 0.543243 0.0155229 0.0216216
20 0.729984 0.855405 0.0841503 0.240541
7 0.568219 0.578378 0.0187908 0.00540541
20 0.246732 0.535135 0.0147059 0.0540541
20 0.289624 0.508108 0.0383987 0.0918919
20 0.225899 0.539189 0.0155229 0.0567568
19 0.580882 0.543243 0.0163399 0.0216216
20 0.22018 0.536486 0.0155229 0.0567568
20 0.303105 0.528378 0.0114379 0.0459459
20 0.879085 0.701351 0.114379 0.294595
7 0.40482 0.612162 0.123366 0.0513514
2 0.375817 0.540541 0.00490196 0.0378378
7 0.339461 0.685135 0.216503 0.1
2 0.383578 0.536486 0.00408497 0.0351351
2 0.345997 0.55 0.00735294 0.0459459
2 0.357435 0.545946 0.00571895 0.0432432
2 0.332108 0.555405 0.00735294 0.0513514
6 0.426879 0.685135 0.0531046 0.1
2 0.314542 0.560811 0.00980392 0.0567568
7 0.500817 0.612162 0.107843 0.0513514
6 0.28268 0.867568 0.27451 0.264865
2 0.295752 0.567568 0.0114379 0.0648649
7 0.499183 0.685135 0.178105 0.1
18 0.543709 0.437838 0.00571895 0.0756757
5 0.615196 0.494595 0.00163399 0.118919
8 0.20098 0.691892 0.287582 0.12973
19 0.573529 0.552703 0.0277778 0.0459459
5 0.618464 0.389189 0.0179739 0.362162
18 0.618464 0.462162 0.00490196 0.0432432
5 0.36683 0.318919 0.104575 0.637838
5 0.543301 0.494595 0.00163399 0.194595
8 0.332516 0.612162 0.183007 0.1
5 0.515114 0.360811 0.0678105 0.456757
7 0.544935 0.575676 0.158497 0.0216216
8 0.656454 0.691892 0.213235 0.12973
19 0.363562 0.541892 0.00816993 0.0513514
19 0.39665 0.504054 0.0285948 0.1
11 0.499183 0.575676 0.133987 0.162162
11 0.499592 0.616216 0.0841503 0.178378
