6 0.441993 0.639189 0.0326797 0.0567568
6 0.467729 0.572973 0.0122549 0.0162162
6 0.394608 0.759459 0.0898693 0.183784
6 0.458742 0.595946 0.0187908 0.0297297
6 0.473448 0.559459 0.00898693 0.0108108
7 0.379085 0.639189 0.150327 0.0567568
7 0.496324 0.759459 0.265523 0.183784
7 0.496324 0.639189 0.128268 0.0567568
7 0.496324 0.559459 0.0498366 0.0108108
7 0.496324 0.595946 0.0841503 0.0297297
7 0.496324 0.572973 0.0629085 0.0162162
7 0.264706 0.759459 0.334967 0.183784
7 0.417484 0.595946 0.0947712 0.0297297
7 0.436683 0.572973 0.0694444 0.0162162
10 0.0285948 0.832432 0.0571895 0.135135
10 0.0163399 0.806757 0.0326797 0.0945946
8 0.543301 0.559459 0.0539216 0.0216216
8 0.402778 0.559459 0.0620915 0.0216216
8 0.555147 0.574324 0.0678105 0.0297297
7 0.448121 0.559459 0.0547386 0.0108108
8 0.722631 0.768919 0.327614 0.224324
8 0.380719 0.574324 0.0816993 0.0297297
8 0.152778 0.771622 0.305556 0.22973
8 0.274101 0.643243 0.191993 0.0810811
8 0.344771 0.598649 0.116013 0.0459459
8 0.573938 0.597297 0.0939542 0.0432432
10 0.118056 0.689189 0.0563725 0.0540541
10 0.0339052 0.745946 0.0678105 0.0918919
10 0.13848 0.671622 0.0612745 0.0459459
10 0.0678105 0.683784 0.0490196 0.0486486
10 0.115196 0.722973 0.0915033 0.0837838
10 0.132353 0.668919 0.0245098 0.0459459
10 0.124183 0.718919 0.0849673 0.0594595
10 0.149101 0.698649 0.0482026 0.0675676
10 0.0469771 0.737838 0.0498366 0.0864865
10 0.0849673 0.717568 0.0964052 0.0567568
10 0.118873 0.675676 0.0220588 0.0486486
10 0.0363562 0.728378 0.0727124 0.0567568
10 0.0253268 0.721622 0.0506536 0.0702703
10 0.0449346 0.785135 0.0898693 0.110811
10 0.0498366 0.732432 0.0996732 0.0864865
10 0.0151144 0.791892 0.0302288 0.108108
10 0.185866 0.655405 0.0547386 0.0351351
10 0.214461 0.633784 0.0155229 0.0351351
10 0.292075 0.605405 0.0253268 0.027027
10 0.204248 0.632432 0.0163399 0.0324324
10 0.336193 0.582432 0.0285948 0.0189189
10 0.335376 0.590541 0.0204248 0.0243243
10 0.224673 0.633784 0.0441176 0.0351351
10 0.310866 0.602703 0.0351307 0.027027
10 0.323121 0.597297 0.0334967 0.0216216
10 0.361111 0.585135 0.0130719 0.0243243
10 0.349265 0.589189 0.0302288 0.0216216
10 0.17933 0.648649 0.0514706 0.0324324
10 0.334967 0.598649 0.0326797 0.0243243
10 0.314134 0.609459 0.0302288 0.0297297
10 0.212418 0.644595 0.0490196 0.0351351
10 0.322304 0.591892 0.0204248 0.0216216
10 0.166667 0.644595 0.0506536 0.0351351
10 0.33701 0.593243 0.0138889 0.0243243
10 0.348448 0.57973 0.0285948 0.0189189
10 0.355392 0.581081 0.0179739 0.0216216
10 0.363154 0.57973 0.0285948 0.0189189
10 0.370915 0.57973 0.0277778 0.0189189
10 0.359886 0.564865 0.00735294 0.0162162
10 0.370507 0.562162 0.0220588 0.0162162
10 0.372549 0.562162 0.0163399 0.0162162
10 0.379902 0.562162 0.0147059 0.0162162
10 0.381127 0.562162 0.0204248 0.0162162
10 0.375408 0.571622 0.0253268 0.0189189
10 0.370507 0.566216 0.0106209 0.0189189
10 0.373775 0.563514 0.0122549 0.0189189
10 0.388889 0.564865 0.0228758 0.0162162
10 0.394199 0.563514 0.0187908 0.0135135
10 0.357435 0.57027 0.0253268 0.0162162
10 0.374183 0.567568 0.0245098 0.0162162
10 0.364379 0.567568 0.0228758 0.0162162
10 0.371732 0.574324 0.0228758 0.0189189
10 0.371732 0.566216 0.0228758 0.0189189
10 0.340278 0.578378 0.0285948 0.0162162
10 0.275735 0.598649 0.0220588 0.0243243
10 0.323121 0.590541 0.0138889 0.0243243
10 0.363971 0.574324 0.0253268 0.0189189
10 0.367647 0.574324 0.0212418 0.0189189
10 0.301062 0.595946 0.0302288 0.0243243
10 0.383987 0.566216 0.0212418 0.0135135
10 0.353758 0.577027 0.0261438 0.0189189
10 0.335784 0.577027 0.0212418 0.0189189
10 0.262255 0.601351 0.0294118 0.0243243
10 0.247141 0.604054 0.0351307 0.0243243
10 0.352941 0.57027 0.0147059 0.0162162
10 0.291258 0.589189 0.0155229 0.0216216
10 0.309641 0.594595 0.0326797 0.0216216
10 0.318219 0.57973 0.0269608 0.0189189
10 0.29085 0.602703 0.0179739 0.027027
10 0.31781 0.583784 0.0245098 0.0216216
10 0.346405 0.574324 0.0179739 0.0189189
10 0.376225 0.57027 0.0155229 0.0162162
10 0.330065 0.587838 0.0294118 0.0189189
10 0.325163 0.585135 0.0294118 0.0189189
10 0.261846 0.608108 0.0334967 0.027027
10 0.33415 0.57973 0.0245098 0.0189189
10 0.25 0.618919 0.0196078 0.0324324
10 0.246732 0.617568 0.0392157 0.0243243
10 0.167484 0.639189 0.0375817 0.0351351
10 0.191585 0.625676 0.0449346 0.0351351
10 0.220588 0.618919 0.0424837 0.0324324
10 0.156454 0.635135 0.0498366 0.0324324
10 0.1875 0.632432 0.0482026 0.027027
10 0.177288 0.640541 0.0490196 0.0324324
10 0.23366 0.621622 0.0326797 0.0324324
10 0.268382 0.594595 0.0302288 0.0216216
10 0.26634 0.602703 0.0245098 0.027027
10 0.290033 0.595946 0.0147059 0.0243243
10 0.281046 0.595946 0.0326797 0.0189189
10 0.256127 0.605405 0.0351307 0.027027
10 0.195261 0.62027 0.0392157 0.0243243
10 0.250408 0.614865 0.0383987 0.0243243
10 0.261846 0.608108 0.0351307 0.027027
10 0.19281 0.631081 0.0375817 0.0351351
10 0.157271 0.645946 0.0498366 0.0324324
10 0.186683 0.624324 0.0416667 0.0324324
10 0.297794 0.587838 0.0106209 0.0189189
10 0.299428 0.585135 0.0269608 0.0189189
10 0.278595 0.597297 0.0245098 0.0216216
10 0.207108 0.614865 0.0318627 0.0297297
10 0.185866 0.637838 0.0253268 0.0378378
10 0.289216 0.595946 0.0228758 0.0243243
10 0.254493 0.601351 0.0285948 0.0243243
10 0.212827 0.628378 0.0367647 0.0351351
10 0.216912 0.624324 0.0416667 0.027027
10 0.312092 0.585135 0.0163399 0.0189189
10 0.238154 0.613514 0.0269608 0.027027
10 0.354984 0.568919 0.0220588 0.013513510 0.311683 0.57973 0.0220588 0.0189189
10 0.3125 0.57973 0.0220588 0.0189189
10 0.345997 0.572973 0.0138889 0.0162162
10 0.361111 0.567568 0.0196078 0.0162162
10 0.305556 0.57973 0.0261438 0.0189189
10 0.30719 0.582432 0.0261438 0.0189189
10 0.346814 0.572973 0.0122549 0.0162162
10 0.332108 0.572973 0.0204248 0.0162162
10 0.320261 0.575676 0.0245098 0.0162162
10 0.297386 0.583784 0.0179739 0.0216216
10 0.345588 0.567568 0.0212418 0.0162162
10 0.33415 0.567568 0.0212418 0.0162162
10 0.334967 0.578378 0.0245098 0.0162162
10 0.396242 0.560811 0.0212418 0.0135135
10 0.403595 0.555405 0.00816993 0.0135135
10 0.395425 0.559459 0.0196078 0.0108108
10 0.393791 0.562162 0.0114379 0.0162162
10 0.388072 0.560811 0.0179739 0.0135135
10 0.396242 0.558108 0.0196078 0.0135135
10 0.387663 0.558108 0.0155229 0.0135135
10 0.388889 0.552703 0.0114379 0.0135135
10 0.400327 0.547297 0.0114379 0.0135135
10 0.41299 0.548649 0.0138889 0.0108108
10 0.401144 0.555405 0.0130719 0.0135135
10 0.390114 0.552703 0.0187908 0.0135135
10 0.392157 0.552703 0.0179739 0.0135135
10 0.409314 0.545946 0.0114379 0.0108108
10 0.419935 0.544595 0.0130719 0.00810811
10 0.40482 0.548649 0.0138889 0.0108108
10 0.390523 0.555405 0.0179739 0.0135135
10 0.408088 0.55 0.00735294 0.0135135
10 0.412582 0.551351 0.0179739 0.0108108
10 0.400735 0.548649 0.0171569 0.0108108
10 0.413807 0.55 0.00735294 0.0135135
10 0.406863 0.548649 0.0163399 0.0108108
10 0.38317 0.552703 0.0179739 0.0135135
10 0.388889 0.552703 0.00980392 0.0135135
10 0.420752 0.543243 0.0114379 0.0108108
10 0.425654 0.541892 0.0147059 0.00810811
10 0.419118 0.543243 0.0147059 0.0108108
10 0.403186 0.548649 0.0155229 0.0108108
10 0.42116 0.544595 0.0155229 0.00810811
10 0.409722 0.548649 0.0171569 0.0108108
10 0.401144 0.55 0.0114379 0.0135135
10 0.411356 0.543243 0.0155229 0.0108108
10 0.409314 0.544595 0.0114379 0.00810811
10 0.39951 0.545946 0.0163399 0.0108108
10 0.408088 0.543243 0.0138889 0.0108108
10 0.395016 0.545946 0.0155229 0.0108108
10 0.40768 0.544595 0.0114379 0.00810811
10 0.388072 0.552703 0.0114379 0.0135135
10 0.410131 0.543243 0.0147059 0.0108108
10 0.381944 0.55 0.0138889 0.0135135
10 0.370507 0.555405 0.0187908 0.0135135
10 0.358252 0.558108 0.0171569 0.0135135
10 0.376634 0.556757 0.0163399 0.0108108
10 0.384804 0.555405 0.0179739 0.0135135
10 0.330474 0.575676 0.0253268 0.0162162
10 0.390931 0.55 0.0155229 0.00810811
10 0.547386 0.544595 0.0147059 0.00810811
10 0.389297 0.548649 0.0138889 0.0108108
10 0.348448 0.563514 0.0204248 0.0135135
10 0.365605 0.558108 0.00735294 0.0135135
10 0.371324 0.558108 0.00735294 0.0135135
10 0.365605 0.558108 0.0122549 0.0135135
10 0.339052 0.564865 0.0130719 0.0162162
10 0.328023 0.567568 0.0138889 0.0162162
10 0.372549 0.558108 0.00816993 0.0135135
10 0.368056 0.559459 0.0155229 0.0162162
10 0.35866 0.560811 0.0196078 0.0135135
10 0.332516 0.57027 0.00980392 0.0162162
10 0.318627 0.575676 0.0212418 0.0162162
10 0.323529 0.572973 0.00816993 0.0162162
10 0.328023 0.575676 0.0236928 0.0162162
10 0.339461 0.57027 0.0204248 0.0162162
10 0.382761 0.554054 0.0106209 0.0108108
10 0.390114 0.551351 0.0155229 0.0108108
10 0.339461 0.567568 0.0220588 0.0162162
10 0.341503 0.571622 0.0179739 0.0135135
10 0.351307 0.568919 0.0130719 0.0135135
10 0.339461 0.57027 0.0220588 0.0162162
10 0.542484 0.551351 0.0163399 0.0108108
10 0.54902 0.551351 0.0147059 0.0108108
10 0.547386 0.551351 0.0130719 0.0108108
10 0.526552 0.551351 0.0155229 0.0108108
10 0.53268 0.55 0.0163399 0.00810811
10 0.54616 0.547297 0.0155229 0.00810811
10 0.564134 0.548649 0.0155229 0.0108108
10 0.524918 0.545946 0.0138889 0.0108108
10 0.555147 0.551351 0.0122549 0.0108108
10 0.550245 0.548649 0.0155229 0.0108108
10 0.563725 0.551351 0.0163399 0.0108108
10 0.528186 0.544595 0.0155229 0.00810811
10 0.528186 0.545946 0.0155229 0.0108108
10 0.527369 0.548649 0.0155229 0.0108108
10 0.560049 0.545946 0.00898693 0.0108108
10 0.55719 0.544595 0.0147059 0.00810811
10 0.563725 0.545946 0.0147059 0.0108108
10 0.535539 0.545946 0.0138889 0.0108108
10 0.555964 0.558108 0.0187908 0.0135135
10 0.561275 0.560811 0.00980392 0.0135135
10 0.559232 0.558108 0.0187908 0.0135135
10 0.555964 0.554054 0.0171569 0.0108108
10 0.573121 0.558108 0.0187908 0.0135135
10 0.546569 0.554054 0.0179739 0.0108108
10 0.559641 0.555405 0.0179739 0.0135135
10 0.531046 0.558108 0.0147059 0.0135135
10 0.558824 0.551351 0.0163399 0.0108108
10 0.551471 0.560811 0.0163399 0.0135135
10 0.564542 0.57027 0.0196078 0.0162162
10 0.576389 0.562162 0.0171569 0.0162162
10 0.584559 0.571622 0.0236928 0.0189189
10 0.560458 0.564865 0.0196078 0.0162162
10 0.581699 0.567568 0.0179739 0.0162162
10 0.549837 0.577027 0.0245098 0.0189189
10 0.590686 0.571622 0.0212418 0.0189189
10 0.5625 0.57973 0.0253268 0.0189189
10 0.607843 0.589189 0.0228758 0.0216216
10 0.589052 0.57973 0.0163399 0.0189189

10 0.599265 0.593243 0.0285948 0.0243243
10 0.576797 0.598649 0.0261438 0.0243243
10 0.60049 0.591892 0.0196078 0.0216216
10 0.57598 0.590541 0.0294118 0.0189189
10 0.620507 0.601351 0.0334967 0.0243243
10 0.586601 0.614865 0.0343137 0.0297297
10 0.612337 0.595946 0.0236928 0.0243243
10 0.605801 0.635135 0.0302288 0.0378378
10 0.671977 0.628378 0.0351307 0.0351351
10 0.639706 0.604054 0.0343137 0.0243243
10 0.622549 0.602703 0.0294118 0.027027
10 0.625817 0.601351 0.0326797 0.0243243110 0.634395 0.612162 0.0204248 0.0297297
10 0.614379 0.601351 0.0245098 0.0243243
10 0.685458 0.645946 0.0408497 0.0432432
10 0.613562 0.595946 0.0196078 0.0243243
10 0.779003 0.722973 0.0776144 0.0675676
10 0.696895 0.652703 0.0522876 0.0405405
10 0.599673 0.643243 0.0424837 0.0378378
10 0.596814 0.627027 0.0416667 0.0324324
10 0.685866 0.664865 0.0531046 0.0486486
10 0.714052 0.671622 0.0571895 0.0459459
10 0.612337 0.656757 0.0498366 0.0378378
10 0.800654 0.806757 0.111111 0.116216


10 0.706699 0.724324 0.0686275 0.0756757
10 0.819444 0.806757 0.114379 0.116216

10 0.818219 0.733784 0.0596405 0.072973
10 0.673203 0.754054 0.0849673 0.0648649
10 0.821078 0.802703 0.106209 0.0864865
10 0.823121 0.939189 0.0955882 0.121622
5 0.520425 0.312162 0.0915033 0.618919
10 0.208333 0.236486 0.138889 0.327027
