10 0.239788 0.564865 0.123366 0.610811
19 0.551879 0.539189 0.00735294 0.0189189
19 0.763072 0.616216 0.0539216 0.0594595
10 0.20098 0.483784 0.223856 0.875676
19 0.819853 0.652703 0.0531046 0.0783784
19 0.690768 0.57027 0.0302288 0.0324324
19 0.645016 0.618919 0.0302288 0.0594595
2 0.338235 0.489189 0.0163399 0.183784
2 0.800654 0.651351 0.0669935 0.140541
2 0.565768 0.585135 0.00571895 0.0837838
19 0.559641 0.501351 0.0277778 0.110811
7 0.239788 0.782432 0.396242 0.240541
2 0.363154 0.489189 0.0122549 0.156757
7 0.674428 0.783784 0.651144 0.243243
2 0.394608 0.491892 0.00816993 0.118919
8 0.394199 0.566216 0.0727124 0.0243243
12 0.881127 0.55 0.237745 0.105405
12 0.669118 0.544595 0.187908 0.1
1 0.64134 0.490541 0.0735294 0.191892
2 0.894199 0.655405 0.0645425 0.137838

7 0.572304 0.581081 0.0204248 0.00540541
2 0.388072 0.490541 0.00816993 0.127027
12 0.555147 0.525676 0.0416667 0.0621622
8 0.194853 0.782432 0.389706 0.391892
2 0.63317 0.627027 0.0441176 0.124324
2 0.970588 0.655405 0.0588235 0.137838
2 0.707516 0.641892 0.0604575 0.137838
8 0.365196 0.583784 0.0996732 0.0378378
2 0.380719 0.489189 0.00980392 0.135135
2 0.591503 0.612162 0.0245098 0.110811
19 0.55433 0.540541 0.00735294 0.0216216
19 0.71732 0.617568 0.0751634 0.105405
2 0.207108 0.483784 0.0514706 0.345946
2 0.322712 0.487838 0.0196078 0.202703
2 0.248366 0.485135 0.0392157 0.294595
2 0.303105 0.486486 0.0245098 0.227027
2 0.279003 0.486486 0.0302288 0.259459
5 0.508987 0.394595 0.0490196 0.32973
17 0.167892 0.724324 0.128268 0.210811
17 0.253268 0.663514 0.0751634 0.143243
5 0.39134 0.325676 0.0849673 0.559459
2 0.150735 0.481081 0.0727124 0.421622
2 0.065768 0.477027 0.110294 0.532432
11 0.5 0.57973 0.0408497 0.127027
4 0.588644 0.531081 0.0106209 0.116216
1 0.787173 0.283784 0.42402 0.297297
11 0.499592 0.622973 0.110294 0.305405
1 0.787173 0.112162 0.42402 0.224324
19 0.412582 0.52973 0.00653595 0.0378378
5 0.323121 0.487838 0.00408497 0.289189
18 0.325163 0.408108 0.0130719 0.108108
1 0.789216 0.481081 0.413399 0.275676
5 0.658497 0.354054 0.0718954 0.708108
1 0.787173 0.164865 0.42402 0.32973
9 0.418709 0.481081 0.00898693 0.027027
5 0.958333 0.482432 0.00980392 0.478378
18 0.970588 0.348649 0.0326797 0.183784
