6 0.440359 0.652703 0.0375817 0.0675676
6 0.377451 0.810811 0.117647 0.248649
6 0.459559 0.602703 0.0204248 0.0324324
7 0.370915 0.652703 0.166667 0.0675676
6 0.475082 0.562162 0.00898693 0.0108108
8 0.625408 0.656757 0.164216 0.0918919
8 0.338644 0.605405 0.125 0.0486486
8 0.560458 0.57973 0.0718954 0.0297297
6 0.468954 0.577027 0.0130719 0.0189189
7 0.499592 0.652703 0.14134 0.0675676
7 0.448938 0.562162 0.0563725 0.0108108
7 0.415441 0.602703 0.102124 0.0324324
8 0.581699 0.605405 0.101307 0.0486486
8 0.776961 0.825676 0.416667 0.3
7 0.499183 0.577027 0.0653595 0.0189189
7 0.499183 0.602703 0.0898693 0.0324324
7 0.500408 0.810811 0.329248 0.248649
7 0.217729 0.810811 0.422386 0.248649
7 0.436683 0.577027 0.0727124 0.0189189
7 0.499183 0.562162 0.0522876 0.0108108
10 0.14665 0.374324 0.293301 0.748649
10 0.267974 0.447297 0.127451 0.402703
10 0.0330882 0.718919 0.0563725 0.0702703
10 0.124183 0.259459 0.248366 0.518919
8 0.402369 0.562162 0.0645425 0.0216216
10 0.0412582 0.75 0.0498366 0.0891892
8 0.548203 0.562162 0.0555556 0.0216216
10 0.370915 0.398649 0.0490196 0.316216
10 0.0294118 0.75 0.0588235 0.0891892
10 0.274101 0.308108 0.139706 0.616216
8 0.378676 0.57973 0.0857843 0.0297297
10 0.322712 0.614865 0.0179739 0.0351351
10 0.20384 0.62027 0.0187908 0.0297297


10 0.258578 0.604054 0.0334967 0.0189189
10 0.242239 0.608108 0.0220588 0.027027
10 0.256536 0.613514 0.0179739 0.027027
10 0.0196078 0.710811 0.0392157 0.0702703
10 0.13031 0.643243 0.0531046 0.0378378
10 0.0183824 0.713514 0.0367647 0.0702703
10 0.00653595 0.702703 0.0130719 0.0594595
10 0.250408 0.602703 0.0334967 0.0216216
10 0.133987 0.678378 0.0718954 0.0432432
10 0.176471 0.62973 0.0375817 0.0324324
10 0.185049 0.678378 0.0449346 0.0594595
10 0.0669935 0.663514 0.0212418 0.0459459
10 0.113971 0.667568 0.0580065 0.0486486
10 0.205065 0.635135 0.0522876 0.0324324
10 0.0959967 0.695946 0.0416667 0.0621622
10 0.150735 0.648649 0.0514706 0.0324324
10 0.210784 0.614865 0.0392157 0.0243243
10 0.163807 0.636486 0.0400327 0.0297297
10 0.216095 0.641892 0.0531046 0.0459459
10 0.0763889 0.683784 0.0433007 0.0486486
10 0.150327 0.672973 0.0375817 0.0540541
10 0.10866 0.671622 0.0637255 0.0567568
10 0.19281 0.674324 0.0571895 0.0513514
10 0.156046 0.666216 0.0669935 0.0459459
10 0.205474 0.652703 0.0596405 0.0405405
10 0.183824 0.664865 0.0228758 0.0486486
10 0.10866 0.678378 0.0767974 0.0540541
10 0.107435 0.67973 0.0612745 0.0513514
10 0.0196078 0.701351 0.0392157 0.0567568
10 0.0669935 0.728378 0.0441176 0.072973
10 0.130719 0.660811 0.0277778 0.0459459
10 0.186683 0.62973 0.0449346 0.0324324
10 0.224265 0.647297 0.0580065 0.0351351
10 0.185866 0.624324 0.0400327 0.0324324
10 0.114788 0.685135 0.0612745 0.0567568
10 0.267565 0.625676 0.0449346 0.0297297
10 0.201389 0.652703 0.0253268 0.0513514
10 0.0767974 0.7 0.0833333 0.0648649
10 0.198121 0.651351 0.0318627 0.0432432
10 0.0571895 0.672973 0.0669935 0.0486486
10 0.0612745 0.672973 0.0555556 0.0486486
10 0.22549 0.613514 0.0196078 0.027027
10 0.188317 0.636486 0.0400327 0.0351351
10 0.330882 0.583784 0.0294118 0.0216216
10 0.365196 0.583784 0.0294118 0.0216216
10 0.333333 0.598649 0.0359477 0.0243243
10 0.341912 0.590541 0.0269608 0.0243243
10 0.328431 0.590541 0.0277778 0.0243243
10 0.284314 0.598649 0.0343137 0.0243243
10 0.333742 0.586486 0.0302288 0.0216216
10 0.348448 0.585135 0.0302288 0.0189189
10 0.337827 0.589189 0.0138889 0.0216216
10 0.340278 0.581081 0.0253268 0.0216216
10 0.327206 0.586486 0.0318627 0.0216216
10 0.273284 0.598649 0.0318627 0.0243243
10 0.339869 0.581081 0.0294118 0.0216216
10 0.324346 0.583784 0.0212418 0.0216216
10 0.35866 0.583784 0.0245098 0.0216216
10 0.312908 0.591892 0.0326797 0.0216216
10 0.289624 0.6 0.0236928 0.027027
10 0.337827 0.589189 0.0285948 0.027027
10 0.151552 0.640541 0.0514706 0.0324324
10 0.256944 0.602703 0.0367647 0.027027
10 0.232435 0.618919 0.0416667 0.027027
10 0.26348 0.614865 0.0400327 0.0243243
10 0.156863 0.641892 0.0522876 0.0351351
10 0.281046 0.608108 0.0212418 0.027027
10 0.204657 0.625676 0.0269608 0.0351351
10 0.278186 0.604054 0.0171569 0.0243243
10 0.196895 0.621622 0.0408497 0.027027
10 0.209967 0.633784 0.0473856 0.0351351
10 0.242647 0.613514 0.0408497 0.027027
10 0.20384 0.627027 0.0367647 0.0324324
10 0.121732 0.652703 0.0571895 0.0405405
10 0.194444 0.624324 0.0228758 0.0324324
10 0.127042 0.655405 0.0563725 0.0405405
10 0.123366 0.660811 0.0375817 0.0459459
10 0.0943627 0.666216 0.0449346 0.0405405
10 0.107843 0.651351 0.0277778 0.0432432
10 0.120507 0.645946 0.0547386 0.0378378
10 0.161765 0.639189 0.0228758 0.0351351
10 0.191585 0.627027 0.0433007 0.0324324
10 0.129902 0.645946 0.0539216 0.0324324
10 0.138889 0.65 0.0408497 0.0405405
10 0.236111 0.617568 0.0326797 0.0297297
10 0.132761 0.654054 0.0253268 0.0378378
10 0.208742 0.616216 0.0400327 0.027027
10 0.277369 0.591892 0.0220588 0.0216216
10 0.322712 0.582432 0.0261438 0.0189189
10 0.338235 0.578378 0.0245098 0.0162162
10 0.258578 0.598649 0.0220588 0.0243243
10 0.308824 0.587838 0.0228758 0.0189189
10 0.254493 0.602703 0.0122549 0.027027
10 0.227941 0.610811 0.0375817 0.027027
10 0.305964 0.587838 0.0187908 0.0189189
10 0.20384 0.614865 0.0400327 0.0243243
10 0.329248 0.582432 0.0179739 0.0189189
10 0.299428 0.590541 0.0285948 0.0189189
10 0.280229 0.598649 0.0310458 0.0243243
10 0.240605 0.604054 0.0269608 0.0243243
10 0.254493 0.602703 0.0155229 0.027027
10 0.256944 0.610811 0.0285948 0.027027
10 0.293709 0.595946 0.0171569 0.0243243
10 0.247141 0.612162 0.0367647 0.0243243
10 0.297794 0.593243 0.0285948 0.0189189
10 0.329248 0.582432 0.00980392 0.0189189
10 0.32067 0.581081 0.0253268 0.0162162
10 0.330065 0.574324 0.0147059 0.0189189
10 0.377451 0.564865 0.0130719 0.0162162
10 0.330474 0.572973 0.0204248 0.0162162
10 0.35049 0.57027 0.0212418 0.0162162
10 0.357435 0.571622 0.0220588 0.0135135
10 0.398284 0.563514 0.0171569 0.0135135
10 0.33701 0.57027 0.0138889 0.0162162
10 0.377859 0.57027 0.0171569 0.0162162
10 0.38317 0.564865 0.0212418 0.0162162
10 0.333742 0.575676 0.0236928 0.0162162
10 0.343137 0.578378 0.0228758 0.0162162
10 0.339461 0.577027 0.0187908 0.0189189
10 0.39665 0.556757 0.0106209 0.0108108
10 0.391748 0.555405 0.00735294 0.0135135
10 0.378676 0.562162 0.0171569 0.0162162
10 0.390523 0.555405 0.0179739 0.0135135
10 0.408497 0.552703 0.0130719 0.0135135
10 0.410131 0.55 0.0147059 0.0135135
10 0.409314 0.558108 0.0114379 0.0135135
10 0.400735 0.551351 0.0171569 0.0108108
10 0.392157 0.552703 0.0179739 0.0135135
10 0.401961 0.555405 0.0147059 0.0135135
10 0.410539 0.551351 0.0187908 0.0108108
10 0.39665 0.552703 0.0138889 0.0135135
10 0.385212 0.562162 0.0138889 0.0162162
10 0.397467 0.552703 0.0155229 0.0135135
10 0.406046 0.555405 0.0179739 0.0135135
10 0.391748 0.558108 0.0155229 0.0135135
10 0.395833 0.555405 0.0187908 0.0135135
10 0.399101 0.555405 0.0187908 0.0135135
10 0.393382 0.563514 0.0155229 0.0135135
10 0.361928 0.562162 0.0163399 0.0162162
10 0.377042 0.558108 0.0187908 0.0135135
10 0.366422 0.560811 0.0155229 0.0135135
10 0.381127 0.560811 0.0204248 0.0135135
10 0.372141 0.559459 0.0122549 0.0162162
10 0.374183 0.563514 0.0179739 0.0135135
10 0.35866 0.57027 0.0179739 0.0162162
10 0.359069 0.567568 0.0204248 0.0162162
10 0.368464 0.567568 0.0228758 0.0162162
10 0.352533 0.567568 0.0220588 0.0162162
10 0.325163 0.582432 0.0228758 0.0189189
10 0.303922 0.57973 0.0245098 0.0189189
10 0.340686 0.575676 0.0245098 0.0162162
10 0.331291 0.578378 0.0138889 0.0162162
10 0.320261 0.582432 0.0261438 0.0189189
10 0.325163 0.575676 0.0228758 0.0162162
10 0.318219 0.577027 0.0236928 0.0189189
10 0.331291 0.57973 0.0253268 0.0189189
10 0.343137 0.57027 0.00980392 0.0162162
10 0.318219 0.578378 0.0236928 0.0162162
10 0.338235 0.571622 0.00980392 0.0189189
10 0.330882 0.574324 0.0179739 0.0189189
10 0.310049 0.581081 0.0138889 0.0162162
10 0.383578 0.55 0.0155229 0.00810811
10 0.356618 0.566216 0.0204248 0.0135135

10 0.395016 0.551351 0.0155229 0.0108108
10 0.390114 0.551351 0.0155229 0.0108108

10 0.357435 0.560811 0.00898693 0.0135135
10 0.341503 0.572973 0.0196078 0.0162162
10 0.382761 0.554054 0.0106209 0.0108108
10 0.379493 0.556757 0.0171569 0.0108108
10 0.374592 0.556757 0.0171569 0.0108108

10 0.364788 0.560811 0.0187908 0.0135135
10 0.344771 0.563514 0.0179739 0.0135135
10 0.363154 0.556757 0.0155229 0.0108108
10 0.343546 0.571622 0.0220588 0.0135135
10 0.339461 0.575676 0.0236928 0.0162162
10 0.399918 0.55 0.0155229 0.00810811
10 0.362745 0.566216 0.0114379 0.0135135
10 0.360294 0.562162 0.0196078 0.0108108
10 0.335784 0.572973 0.0114379 0.0162162
10 0.5625 0.545946 0.0138889 0.0108108
10 0.323121 0.571622 0.0220588 0.0135135

10 0.555964 0.545946 0.0138889 0.0108108
10 0.38031 0.55 0.0155229 0.00810811
10 0.538399 0.548649 0.00980392 0.0108108
10 0.567402 0.545946 0.0106209 0.0108108
10 0.535539 0.548649 0.0155229 0.0108108
10 0.564134 0.551351 0.0171569 0.0108108
10 0.534314 0.545946 0.0147059 0.0108108
10 0.535539 0.545946 0.0138889 0.0108108
10 0.533905 0.548649 0.0106209 0.0108108
10 0.561683 0.548649 0.0106209 0.0108108
10 0.533497 0.548649 0.0147059 0.0108108
10 0.538399 0.555405 0.00980392 0.0135135
10 0.53799 0.555405 0.0171569 0.0135135


10 0.547794 0.558108 0.0122549 0.0135135
10 0.550654 0.554054 0.0130719 0.0108108
10 0.564134 0.552703 0.0122549 0.0135135

10 0.560049 0.558108 0.00898693 0.0135135
10 0.568219 0.554054 0.0171569 0.0108108
10 0.564134 0.571622 0.0106209 0.0189189
10 0.543301 0.564865 0.00980392 0.0162162
10 0.54085 0.562162 0.0114379 0.0162162
10 0.564542 0.558108 0.0179739 0.0135135
10 0.55719 0.563514 0.0196078 0.0135135
10 0.558007 0.558108 0.0163399 0.0135135
10 0.551062 0.572973 0.0204248 0.0162162
10 0.584967 0.567568 0.0212418 0.0162162
10 0.57884 0.564865 0.0204248 0.0162162
10 0.553105 0.567568 0.0147059 0.0162162
10 0.559641 0.563514 0.0196078 0.0135135
10 0.59232 0.567568 0.0179739 0.0162162
10 0.579248 0.560811 0.0163399 0.0135135
10 0.543301 0.563514 0.0179739 0.0135135
10 0.546569 0.567568 0.0163399 0.0162162
10 0.582108 0.560811 0.0187908 0.0135135
10 0.560458 0.566216 0.0212418 0.0135135
10 0.549428 0.559459 0.00735294 0.0162162
10 0.594771 0.582432 0.0261438 0.0189189
10 0.571487 0.574324 0.0138889 0.0189189
10 0.593954 0.567568 0.0179739 0.0162162
10 0.593546 0.57027 0.0220588 0.0162162
10 0.574346 0.57027 0.0228758 0.0162162
10 0.542075 0.572973 0.0236928 0.0162162
10 0.595588 0.57027 0.0228758 0.0162162
10 0.545752 0.567568 0.0147059 0.0162162
10 0.546569 0.568919 0.0212418 0.0135135
10 0.580474 0.587838 0.0155229 0.0243243
10 0.569036 0.591892 0.0302288 0.0216216110 0.56781 0.575676 0.0163399 0.0162162
10 0.55433 0.581081 0.0253268 0.0216216
10 0.545343 0.57973 0.0204248 0.0189189

10 0.54902 0.582432 0.0212418 0.0189189

10 0.608252 0.586486 0.0204248 0.0216216
10 0.572304 0.591892 0.0302288 0.0216216
10 0.588235 0.577027 0.0228758 0.0189189
10 0.611111 0.62027 0.0375817 0.0297297
10 0.597222 0.6 0.0147059 0.027027
3243
10 0.578023 0.608108 0.0318627 0.027027

10 0.625408 0.605405 0.0318627 0.027027

10 0.604984 0.617568 0.0383987 0.0297297
10 0.666258 0.624324 0.0302288 0.0324324
10 0.613971 0.612162 0.0138889 0.0297297
10 0.65768 0.654054 0.0506536 0.0432432

10 0.614788 0.636486 0.0433007 0.0351351
10 0.629902 0.635135 0.0408497 0.0378378
10 0.675654 0.627027 0.0359477 0.0324324
10 0.67933 0.631081 0.0449346 0.0297297
10 0.637663 0.616216 0.0383987 0.027027
10 0.719771 0.671622 0.0212418 0.0513514
10 0.64665 0.687838 0.0465686 0.0567568

10 0.727533 0.683784 0.0449346 0.0540541
10 0.694853 0.695946 0.0580065 0.0567568
10 0.730801 0.691892 0.0645425 0.0540541
10 0.725899 0.668919 0.0563725 0.0405405
10 0.682598 0.685135 0.0465686 0.0567568
10 0.678922 0.675676 0.0343137 0.0540541
10 0.65768 0.709459 0.0653595 0.0567568
10 0.636029 0.65 0.0416667 0.0405405
10 0.891748 0.92973 0.18219 0.140541
10 0.920343 0.922973 0.15768 0.154054


10 0.698121 0.813514 0.102124 0.118919

10 0.728758 0.721622 0.0441176 0.0702703
10 0.872141 0.845946 0.0465686 0.135135
10 0.770016 0.921622 0.118464 0.156757
10 0.861111 0.941892 0.0931373 0.116216
4 0.372958 0.533784 0.00898693 0.110811
10 0.797794 0.955405 0.18219 0.0891892
11 0.499183 0.536486 0.0686275 0.0891892
