10 0.249592 0.713514 0.154412 0.551351
10 0.296977 0.597297 0.134804 0.52973
10 0.152778 0.781081 0.155229 0.437838
20 0.815359 0.598649 0.0326797 0.00810811
7 0.835376 0.732432 0.0808824 0.027027
2 0.118056 0.483784 0.0857843 0.459459

2 0.88317 0.572973 0.0294118 0.0648649
2 0.39134 0.495946 0.00816993 0.121622
2 0.384395 0.494595 0.00898693 0.12973
7 0.635212 0.698649 0.468137 0.127027
2 0.265931 0.489189 0.0334967 0.27027
8 0.406863 0.560811 0.0620915 0.0189189
7 0.406454 0.612162 0.118464 0.0459459
7 0.329248 0.695946 0.240196 0.121622
2 0.34518 0.493243 0.0155229 0.175676
8 0.336601 0.610811 0.178105 0.0972973
2 0.85335 0.572973 0.0285948 0.0648649
7 0.451797 0.559459 0.0539216 0.0108108
2 0.330882 0.493243 0.0179739 0.191892
2 0.292484 0.491892 0.0261438 0.237838
2 0.313725 0.491892 0.0212418 0.210811
7 0.569853 0.612162 0.241013 0.0459459
2 0.367647 0.493243 0.0114379 0.148649
2 0.376634 0.494595 0.00980392 0.140541
2 0.357026 0.493243 0.0130719 0.159459
2 0.184641 0.486486 0.0588235 0.372973
18 0.791258 0.177027 0.0727124 0.354054
18 0.714052 0.433784 0.0114379 0.0837838
5 0.367239 0.316216 0.102124 0.632432
17 0.272467 0.651351 0.0629085 0.124324
17 0.364379 0.587838 0.0245098 0.0675676
19 0.713644 0.532432 0.0269608 0.12973
17 0.314542 0.621622 0.0441176 0.0972973
17 0.343546 0.601351 0.0318627 0.0783784
17 0.379902 0.577027 0.0196078 0.0567568
11 0.499592 0.568919 0.0612745 0.17027
5 0.708333 0.493243 0.00326797 0.218919
11 0.454657 0.531081 0.0285948 0.0621622
5 0.405229 0.495946 0.00163399 0.154054
4 0.352533 0.531081 0.00735294 0.1
5 0.510621 0.401351 0.0490196 0.327027
18 0.405637 0.452703 0.00571895 0.0567568
9 0.522876 0.487838 0.00653595 0.0243243
