10 0.321487 0.518919 0.126634 0.52973
6 0.464869 0.590541 0.0163399 0.0243243
19 0.548203 0.572973 0.00816993 0.0648649
19 0.549837 0.574324 0.00490196 0.0621622
19 0.778186 0.641892 0.0318627 0.197297
20 0.377859 0.531081 0.0220588 0.0783784
19 0.545343 0.568919 0.00735294 0.0621622
6 0.415033 0.717568 0.0669935 0.132432
6 0.450572 0.627027 0.0285948 0.0486486
19 0.542892 0.564865 0.00735294 0.0540541
19 0.571487 0.517568 0.0138889 0.116216
2 0.578431 0.616216 0.00816993 0.108108
2 0.571487 0.605405 0.00735294 0.0972973
2 0.319853 0.491892 0.0204248 0.205405
2 0.349673 0.493243 0.0147059 0.17027
1 0.703431 0.102703 0.25817 0.205405
8 0.358252 0.593243 0.105392 0.0405405
8 0.29902 0.631081 0.168301 0.0675676
2 0.336193 0.493243 0.0171569 0.186486
2 0.379085 0.494595 0.00980392 0.135135
2 0.393382 0.494595 0.00735294 0.118919
2 0.360703 0.493243 0.0122549 0.159459
19 0.606618 0.571622 0.0122549 0.0891892
7 0.310049 0.718919 0.265523 0.135135
7 0.5 0.590541 0.0784314 0.0243243
8 0.164216 0.727027 0.328431 0.167568
2 0.386846 0.494595 0.00898693 0.12973
6 0.202206 0.893243 0.404412 0.213514
7 0.500408 0.627027 0.115196 0.0486486
7 0.394199 0.627027 0.13317 0.0486486
7 0.426471 0.590541 0.0882353 0.0243243
8 0.390114 0.571622 0.0759804 0.0243243
2 0.200163 0.487838 0.0539216 0.354054
5 0.366013 0.318919 0.106209 0.637838
2 0.0543301 0.481081 0.10866 0.551351
2 0.27451 0.490541 0.0310458 0.262162
11 0.499592 0.554054 0.0269608 0.0810811
5 0.508987 0.401351 0.0490196 0.327027
2 0.140114 0.483784 0.0759804 0.432432
1 0.797386 0.368919 0.405229 0.737838
2 0.243056 0.489189 0.0400327 0.302703
11 0.499592 0.578378 0.0678105 0.189189
