6 0.393382 0.772973 0.0955882 0.2
6 0.444444 0.643243 0.0343137 0.0594595
6 0.476716 0.559459 0.00898693 0.0108108
7 0.501634 0.772973 0.28268 0.2
7 0.500817 0.643243 0.132353 0.0594595
6 0.46201 0.598649 0.0187908 0.0297297
7 0.500408 0.598649 0.0857843 0.0297297
7 0.5 0.559459 0.0506536 0.0108108
7 0.419526 0.598649 0.0972222 0.0297297
7 0.5 0.574324 0.0637255 0.0189189
7 0.38031 0.643243 0.154412 0.0594595
7 0.439542 0.574324 0.0702614 0.0189189
10 0.301062 0.591892 0.0678105 0.156757
8 0.579248 0.601351 0.0964052 0.0459459
10 0.0151144 0.260811 0.0302288 0.143243
10 0.180556 0.648649 0.127451 0.248649
6 0.470997 0.574324 0.0122549 0.0189189
10 0.236111 0.616216 0.0898693 0.210811
10 0.312092 0.586486 0.0669935 0.124324
8 0.618873 0.647297 0.152778 0.0837838

10 0.274101 0.610811 0.0694444 0.172973
10 0.317402 0.583784 0.0629085 0.118919
8 0.547794 0.562162 0.0547386 0.0216216
10 0.145425 0.656757 0.120915 0.286486
7 0.451389 0.559459 0.0547386 0.0108108
8 0.742239 0.785135 0.353758 0.245946
7 0.256536 0.772973 0.356209 0.2
10 0.34232 0.577027 0.0588235 0.127027
10 0.36683 0.568919 0.0473856 0.0945946
10 0.363154 0.57027 0.0351307 0.108108
10 0.340686 0.57973 0.0473856 0.121622
10 0.378268 0.562162 0.0441176 0.0972973
10 0.359069 0.571622 0.0433007 0.105405
10 0.384804 0.562162 0.0343137 0.0918919
10 0.38031 0.558108 0.0367647 0.0783784
11 0.499592 0.525676 0.0482026 0.0621622
5 0.526144 0.314865 0.0980392 0.62973
10 0.386438 0.554054 0.0408497 0.0864865
10 0.113562 0.637838 0.227124 0.475676
10 0.189542 0.433784 0.112745 0.316216
10 0.148284 0.398649 0.16585 0.483784
