10 0.236928 0.597297 0.150327 0.6
7 0.5 0.662162 0.151961 0.0756757
514
2 0.802288 0.862162 0.114379 0.275676
7 0.412173 0.606757 0.107026 0.0351351
6 0.357435 0.85 0.14951 0.3
2 0.694853 0.824324 0.0498366 0.340541

7 0.620915 0.681081 0.0473856 0.0162162
10 0.127451 0.737838 0.165033 0.524324
6 0.436683 0.662162 0.0416667 0.0756757
2 0.637663 0.727027 0.0253268 0.227027
10 0.589461 0.333784 0.0547386 0.532432
10 0.55719 0.390541 0.0343137 0.348649
7 0.361928 0.662162 0.181373 0.0756757
19 0.593954 0.614865 0.0588235 0.1
2 0.384395 0.494595 0.00898693 0.12973
8 0.635621 0.667568 0.179739 0.102703
19 0.561275 0.575676 0.0375817 0.0648649
2 0.357026 0.493243 0.0130719 0.159459
8 0.787582 0.844595 0.424837 0.310811
2 0.367647 0.493243 0.0114379 0.148649
2 0.376634 0.494595 0.00980392 0.140541
2 0.390931 0.495946 0.00735294 0.121622
8 0.241013 0.667568 0.236928 0.102703
5 0.399918 0.348649 0.0759804 0.502703
17 0.432598 0.541892 0.00735294 0.0297297
2 0.230392 0.487838 0.0441176 0.316216
2 0.330882 0.493243 0.0179739 0.191892
2 0.183415 0.486486 0.0596405 0.372973
2 0.265114 0.490541 0.0334967 0.272973
2 0.34518 0.493243 0.0155229 0.175676
17 0.428105 0.545946 0.00816993 0.0324324
2 0.292075 0.490541 0.0269608 0.240541
2 0.313317 0.490541 0.0220588 0.213514
2 0.0400327 0.47973 0.0800654 0.602703
2 0.116013 0.483784 0.0866013 0.464865
11 0.499183 0.545946 0.0228758 0.0702703
18 0.533088 0.451351 0.00571895 0.0594595
11 0.499592 0.574324 0.0645425 0.181081
9 0.39665 0.482432 0.0106209 0.0351351
5 0.53268 0.495946 0.00163399 0.154054
19 0.957516 0.625676 0.0849673 0.591892
5 0.39665 0.524324 0.000816993 0.118919
5 0.448121 0.421622 0.0383987 0.259459
