6 0.230392 0.875676 0.367647 0.248649
6 0.453023 0.618919 0.0253268 0.0432432
7 0.428922 0.586486 0.0833333 0.0216216
7 0.444853 0.567568 0.0629085 0.0162162
7 0.499592 0.618919 0.107026 0.0432432
7 0.330474 0.695946 0.231209 0.110811
6 0.423203 0.695946 0.0571895 0.110811
6 0.466095 0.586486 0.0155229 0.0216216
8 0.393382 0.568919 0.0727124 0.0243243
7 0.499592 0.695946 0.190359 0.110811
8 0.310458 0.622973 0.155229 0.0621622
8 0.666258 0.702703 0.227941 0.140541
7 0.400327 0.618919 0.124183 0.0432432
8 0.183824 0.702703 0.310458 0.140541
8 0.553105 0.568919 0.0620915 0.0243243
7 0.499592 0.586486 0.0743464 0.0216216
8 0.363971 0.589189 0.10049 0.0378378
8 0.569036 0.589189 0.0825163 0.0378378
10 0.0204248 0.828378 0.0408497 0.132432
10 0.120507 0.705405 0.0874183 0.0648649
10 0.128676 0.72027 0.0351307 0.072973
10 0.209967 0.668919 0.0604575 0.0567568
10 0.0800654 0.731081 0.0359477 0.072973
10 0.161765 0.672973 0.0686275 0.0594595
10 0.124183 0.716216 0.0898693 0.0594595
10 0.0245098 0.845946 0.0490196 0.140541
10 0.144199 0.335135 0.18219 0.67027
10 0.0939542 0.714865 0.0702614 0.072973
10 0.148284 0.727027 0.0792484 0.0756757
10 0.239788 0.62973 0.0433007 0.027027
10 0.120507 0.672973 0.0498366 0.0486486
10 0.216095 0.666216 0.0629085 0.0405405
10 0.0277778 0.762162 0.0555556 0.0864865
10 0.151144 0.648649 0.0408497 0.0378378
10 0.185866 0.666216 0.0678105 0.0405405
10 0.104167 0.705405 0.0547386 0.0594595
10 0.139297 0.682432 0.0759804 0.0621622
10 0.0747549 0.722973 0.0890523 0.0567568
10 0.193627 0.652703 0.0392157 0.0405405
10 0.109069 0.72027 0.0498366 0.072973
10 0.0232843 0.709459 0.0465686 0.0513514
10 0.16299 0.702703 0.0825163 0.0702703
10 0.135621 0.677027 0.0653595 0.0405405
10 0.0302288 0.701351 0.0473856 0.0621622
10 0.229167 0.654054 0.0400327 0.0486486
10 0.205474 0.641892 0.0465686 0.0351351
10 0.191176 0.643243 0.0196078 0.0378378
10 0.0424837 0.709459 0.0669935 0.0513514
10 0.0816993 0.67973 0.0375817 0.0513514
10 0.0816993 0.704054 0.0555556 0.0621622
10 0.0980392 0.67027 0.0392157 0.0432432
10 0.163399 0.677027 0.0424837 0.0567568
10 0.200163 0.639189 0.0163399 0.0351351
10 0.346405 0.585135 0.0294118 0.0189189
10 0.320261 0.591892 0.0228758 0.0216216
10 0.220997 0.622973 0.0416667 0.0297297
10 0.259395 0.621622 0.0383987 0.027027
10 0.357026 0.587838 0.0277778 0.0189189
10 0.340686 0.594595 0.0245098 0.027027
10 0.358252 0.583784 0.0122549 0.0216216
10 0.267157 0.614865 0.0359477 0.0297297
10 0.258578 0.613514 0.0138889 0.027027
10 0.232843 0.625676 0.0424837 0.0243243
10 0.336601 0.589189 0.0310458 0.0216216
10 0.249592 0.613514 0.0138889 0.027027
10 0.387255 0.567568 0.0196078 0.0162162
10 0.389706 0.564865 0.0228758 0.0162162
10 0.379493 0.572973 0.0253268 0.0162162
10 0.355801 0.575676 0.0253268 0.0162162
10 0.372549 0.571622 0.0163399 0.0189189
10 0.374183 0.564865 0.0228758 0.0162162
10 0.34518 0.582432 0.0187908 0.0189189
10 0.387255 0.572973 0.0245098 0.0162162
10 0.368464 0.57973 0.0261438 0.0189189
10 0.359069 0.57027 0.0253268 0.0162162
10 0.366422 0.572973 0.0253268 0.0162162
10 0.378676 0.577027 0.0106209 0.0189189
10 0.356209 0.581081 0.0179739 0.0216216
10 0.384395 0.558108 0.0204248 0.0135135
10 0.401552 0.560811 0.0204248 0.0135135
10 0.406046 0.558108 0.0163399 0.0135135
10 0.386029 0.560811 0.0204248 0.0135135
10 0.387255 0.558108 0.0114379 0.0135135
10 0.382761 0.567568 0.0187908 0.0162162
10 0.369281 0.563514 0.0130719 0.0135135
10 0.370507 0.568919 0.0236928 0.0189189
10 0.363971 0.567568 0.0171569 0.0162162
10 0.392565 0.556757 0.0122549 0.0162162
10 0.390114 0.564865 0.0138889 0.0162162
10 0.374592 0.559459 0.00735294 0.0162162
10 0.379085 0.562162 0.0212418 0.0162162
10 0.385212 0.560811 0.00898693 0.0135135
10 0.397059 0.560811 0.0196078 0.0135135
10 0.386029 0.556757 0.0155229 0.0162162
10 0.394199 0.556757 0.0187908 0.0162162
10 0.379902 0.567568 0.0228758 0.0162162
10 0.38848 0.562162 0.0220588 0.0162162
10 0.30433 0.587838 0.0204248 0.0189189
10 0.326389 0.585135 0.0269608 0.0189189
10 0.35335 0.571622 0.0220588 0.0189189
10 0.333742 0.585135 0.0285948 0.0189189
10 0.339461 0.577027 0.0220588 0.0189189
10 0.346405 0.577027 0.0261438 0.0189189
10 0.280229 0.591892 0.0310458 0.0216216
10 0.35049 0.578378 0.0261438 0.0162162
10 0.344771 0.581081 0.0114379 0.0216216
10 0.339052 0.571622 0.0245098 0.0189189
10 0.354167 0.57027 0.0187908 0.0162162
10 0.293301 0.589189 0.0261438 0.0216216
10 0.318627 0.591892 0.0147059 0.0216216
10 0.316585 0.57973 0.0122549 0.0189189
10 0.272876 0.605405 0.0294118 0.027027
10 0.255719 0.610811 0.0294118 0.027027
10 0.283088 0.602703 0.0334967 0.0216216
10 0.261029 0.602703 0.0351307 0.027027
10 0.22018 0.617568 0.0285948 0.0297297
10 0.29616 0.591892 0.0204248 0.0216216
10 0.287582 0.591892 0.0294118 0.0216216
10 0.238971 0.612162 0.0302288 0.0297297
10 0.305964 0.587838 0.0220588 0.0189189
10 0.235294 0.617568 0.0179739 0.0297297
10 0.247141 0.601351 0.0253268 0.0243243
10 0.209559 0.616216 0.0400327 0.027027
10 0.293301 0.594595 0.0294118 0.0216216
10 0.213235 0.622973 0.0408497 0.0243243
10 0.285131 0.601351 0.0326797 0.0189189
10 0.258578 0.608108 0.0351307 0.0216216
10 0.238154 0.604054 0.0334967 0.0243243
10 0.294118 0.594595 0.0294118 0.0216216
10 0.232026 0.608108 0.0343137 0.027027
10 0.235294 0.613514 0.0392157 0.0216216
10 0.229167 0.618919 0.0400327 0.027027
10 0.237337 0.608108 0.0367647 0.027027
10 0.273693 0.598649 0.0212418 0.0243243
10 0.285948 0.602703 0.0147059 0.027027
10 0.332925 0.577027 0.0138889 0.0189189
10 0.321078 0.57973 0.00816993 0.0189189
10 0.308007 0.586486 0.0277778 0.0162162
10 0.285539 0.589189 0.0236928 0.0216216
10 0.328431 0.572973 0.0228758 0.0162162
10 0.321895 0.578378 0.0245098 0.0162162
10 0.314951 0.585135 0.0187908 0.0189189
10 0.295752 0.585135 0.0261438 0.0189189
10 0.326797 0.572973 0.0228758 0.0162162
10 0.319853 0.575676 0.0155229 0.0162162
10 0.315359 0.586486 0.0130719 0.0216216
10 0.42116 0.548649 0.0171569 0.0108108
10 0.399918 0.55 0.0106209 0.0135135
10 0.400735 0.548649 0.0171569 0.0108108
10 0.361111 0.563514 0.0196078 0.0135135
10 0.401552 0.551351 0.0171569 0.0108108
10 0.402778 0.548649 0.0163399 0.0108108
10 0.365196 0.563514 0.0196078 0.0135135
10 0.332516 0.572973 0.0196078 0.0162162
10 0.375 0.563514 0.0179739 0.0135135
10 0.407271 0.558108 0.0187908 0.0135135
10 0.349265 0.567568 0.0187908 0.0162162
10 0.331699 0.572973 0.0196078 0.0162162
10 0.406046 0.555405 0.0179739 0.0135135
10 0.339052 0.57027 0.0212418 0.0162162
10 0.361928 0.566216 0.0130719 0.0135135
10 0.407271 0.554054 0.0187908 0.0108108
10 0.411356 0.551351 0.0122549 0.0108108
10 0.399918 0.556757 0.0171569 0.0108108
10 0.370098 0.563514 0.0196078 0.0135135
10 0.405229 0.558108 0.00980392 0.0135135
10 0.398693 0.554054 0.0147059 0.0108108
10 0.413807 0.552703 0.00735294 0.0135135
10 0.362745 0.566216 0.0114379 0.0135135
10 0.352941 0.571622 0.0212418 0.0135135
10 0.409722 0.545946 0.0106209 0.0108108
10 0.399101 0.55 0.00898693 0.0135135
10 0.372549 0.555405 0.0179739 0.0135135
10 0.395425 0.551351 0.0163399 0.0108108
10 0.399101 0.55 0.0106209 0.0135135
10 0.382761 0.551351 0.0171569 0.0108108
10 0.392565 0.547297 0.0138889 0.0135135
10 0.421569 0.545946 0.0130719 0.0108108
10 0.371324 0.554054 0.0155229 0.0108108
10 0.392974 0.547297 0.0163399 0.00810811
10 0.41585 0.545946 0.0147059 0.0108108
10 0.418709 0.544595 0.0155229 0.00810811
10 0.410539 0.545946 0.0106209 0.0108108
10 0.394199 0.548649 0.0155229 0.0108108
10 0.388072 0.552703 0.0147059 0.0135135
10 0.410539 0.545946 0.0155229 0.0108108
10 0.414216 0.545946 0.0130719 0.0108108
10 0.412582 0.545946 0.0147059 0.0108108
10 0.417075 0.547297 0.00735294 0.0135135
10 0.378676 0.554054 0.0106209 0.0108108
10 0.372958 0.554054 0.0171569 0.0108108
10 0.346405 0.57027 0.0212418 0.0162162
10 0.337418 0.57027 0.0179739 0.0162162
10 0.355801 0.564865 0.0204248 0.0108108
10 0.354984 0.560811 0.0122549 0.0135135
10 0.363154 0.558108 0.0187908 0.0135135
10 0.349673 0.566216 0.00980392 0.0135135
10 0.366422 0.563514 0.0122549 0.0135135
10 0.357843 0.566216 0.0163399 0.0135135
10 0.355801 0.563514 0.0204248 0.0135135
10 0.341503 0.567568 0.00816993 0.0162162
10 0.355801 0.563514 0.0187908 0.0135135
10 0.348448 0.57027 0.0220588 0.0162162
10 0.381127 0.555405 0.0138889 0.0135135
10 0.344771 0.563514 0.0130719 0.0135135
10 0.393382 0.551351 0.0106209 0.0108108
10 0.527778 0.548649 0.0147059 0.0108108
10 0.533497 0.547297 0.0147059 0.00810811
10 0.528595 0.547297 0.0147059 0.00810811
10 0.548611 0.548649 0.0138889 0.0108108
10 0.54616 0.548649 0.0155229 0.0108108
10 0.546977 0.548649 0.0122549 0.0108108
10 0.542892 0.547297 0.0155229 0.00810811
10 0.550245 0.545946 0.0138889 0.0108108
10 0.534722 0.545946 0.0138889 0.0108108
10 0.554739 0.548649 0.0114379 0.0108108
10 0.57067 0.554054 0.0171569 0.0108108
10 0.543709 0.552703 0.0171569 0.0135135
10 0.545752 0.558108 0.00980392 0.0135135
10 0.557598 0.555405 0.0171569 0.0135135
10 0.559232 0.558108 0.0187908 0.0135135
10 0.565359 0.554054 0.0179739 0.0108108
10 0.554739 0.554054 0.0147059 0.0108108
10 0.531454 0.554054 0.0138889 0.0108108
10 0.559232 0.548649 0.0138889 0.0108108
10 0.558415 0.548649 0.0155229 0.0108108
10 0.539624 0.554054 0.0171569 0.0108108
10 0.546569 0.551351 0.0163399 0.0108108
10 0.560866 0.548649 0.00898693 0.0108108
10 0.554739 0.551351 0.0163399 0.0108108
10 0.550654 0.558108 0.0147059 0.0135135
10 0.55433 0.554054 0.0171569 0.0108108
10 0.558415 0.551351 0.0171569 0.0108108
10 0.53799 0.560811 0.0122549 0.0135135

10 0.561275 0.560811 0.0163399 0.0135135
10 0.544935 0.562162 0.0147059 0.0162162
10 0.542484 0.558108 0.0196078 0.0135135
10 0.573121 0.558108 0.0155229 0.0135135
10 0.562092 0.564865 0.0179739 0.0162162
10 0.59518 0.568919 0.0220588 0.0135135

10 0.537173 0.567568 0.0171569 0.0162162
10 0.542892 0.567568 0.0171569 0.0162162
10 0.571487 0.563514 0.0204248 0.0135135
10 0.604575 0.575676 0.0245098 0.0162162
10 0.586601 0.563514 0.00980392 0.0135135
10 0.602124 0.586486 0.0212418 0.0216216
10 0.56781 0.572973 0.0228758 0.0162162

10 0.559232 0.572973 0.0236928 0.0162162
10 0.547794 0.57027 0.0220588 0.0162162
110 0.60335 0.583784 0.0171569 0.0216216
10 0.595588 0.631081 0.0408497 0.0297297
10 0.642974 0.637838 0.0196078 0.0378378
10 0.667484 0.618919 0.0212418 0.032432410 0.600082 0.594595 0.0302288 0.0216216
10 0.601716 0.614865 0.0367647 0.0297297
10 0.610703 0.589189 0.0253268 0.0216216
10 0.625408 0.591892 0.0302288 0.0216216
10 0.708742 0.662162 0.0498366 0.0432432
10 0.694853 0.662162 0.0269608 0.0486486
10 0.685049 0.701351 0.0661765 0.0621622
10 0.726716 0.678378 0.0220588 0.0540541
10 0.732435 0.705405 0.0645425 0.0648649
10 0.748366 0.678378 0.0490196 0.0486486
10 0.715278 0.658108 0.0187908 0.0459459
10 0.730392 0.718919 0.0751634 0.0702703
10 0.600082 0.664865 0.0400327 0.0486486
10 0.717729 0.672973 0.0580065 0.0486486
5 0.520425 0.336486 0.0800654 0.537838
4 0.0964052 0.62027 0.0392157 0.391892

11 0.499592 0.548649 0.0351307 0.0756757
0 0.843954 0.959459 0.186275 0.0810811
10 0.661765 0.674324 0.0490196 0.0513514
10 0.711601 0.809459 0.102941 0.116216
10 0.830474 0.755405 0.0939542 0.0891892
10 0.69281 0.744595 0.0539216 0.0837838

4 0.430147 0.606757 0.0204248 0.116216

10 0.834967 0.745946 0.0915033 0.0810811
