1 0.736928 0.437838 0.0947712 0.183784
20 0.54616 0.554054 0.0106209 0.0324324
2 0.541258 0.566216 0.00245098 0.0621622
2 0.58701 0.641892 0.0106209 0.137838
2 0.545752 0.572973 0.00326797 0.0702703
7 0.260621 0.644595 0.0441176 0.0135135
10 0.121732 0.556757 0.0996732 0.243243
20 0.535131 0.554054 0.00980392 0.0324324
10 0.85866 0.543243 0.0555556 0.135135
2 0.617239 0.693243 0.0187908 0.191892
19 0.656454 0.560811 0.0906863 0.105405
2 0.550654 0.581081 0.00490196 0.0756757
19 0.261438 0.614865 0.0228758 0.154054
1 0.828023 0.328378 0.343954 0.527027
7 0.623775 0.644595 0.0367647 0.0135135
20 0.546569 0.521622 0.0114379 0.0324324
10 0.346814 0.539189 0.0236928 0.072973
6 0.450572 0.627027 0.0285948 0.0486486
6 0.464461 0.590541 0.0171569 0.0243243
6 0.202206 0.890541 0.404412 0.218919
6 0.415033 0.716216 0.0669935 0.12973
6 0.472222 0.57027 0.0114379 0.0162162
6 0.477533 0.556757 0.00898693 0.0108108
19 0.117239 0.697297 0.146242 0.178378
7 0.310866 0.716216 0.262255 0.12973
7 0.44281 0.57027 0.0653595 0.0162162
7 0.499183 0.627027 0.114379 0.0486486
8 0.684641 0.724324 0.25817 0.167568
7 0.426062 0.590541 0.0874183 0.0243243
7 0.499592 0.590541 0.0776144 0.0243243
8 0.390114 0.571622 0.0759804 0.0243243
8 0.299428 0.631081 0.167484 0.0675676
8 0.164624 0.722973 0.329248 0.164865
7 0.394199 0.627027 0.13317 0.0486486
1 0.603758 0.494595 0.0310458 0.172973
7 0.499183 0.716216 0.212418 0.12973
8 0.571895 0.591892 0.0866013 0.0378378
7 0.499592 0.57027 0.0596405 0.0162162
8 0.555147 0.571622 0.0645425 0.0243243
8 0.602941 0.631081 0.130719 0.0675676
7 0.499592 0.556757 0.0482026 0.0108108
8 0.358252 0.591892 0.105392 0.0378378
5 0.379085 0.312162 0.0947712 0.624324
20 0.792075 0.589189 0.0236928 0.0810811
19 0.861111 0.609459 0.0816993 0.0945946
5 0.512255 0.393243 0.0522876 0.354054
11 0.499592 0.525676 0.0482026 0.0567568
5 0.568219 0.452703 0.301471 0.905405
11 0.499592 0.543243 0.0302288 0.0648649
19 0.346405 0.577027 0.0441176 0.0621622
