10 0.246324 0.490541 0.201797 0.754054
10 0.190359 0.617568 0.197712 0.705405
19 0.79085 0.858108 0.129085 0.283784
20 0.159314 0.591892 0.0915033 0.232432
20 0.591503 0.568919 0.0147059 0.0135135
19 0.755719 0.566216 0.0653595 0.424324
1 0.539216 0.459459 0.0310458 0.0918919
7 0.42933 0.587838 0.0841503 0.0243243
6 0.453431 0.621622 0.0261438 0.0432432
1 0.543709 0.455405 0.0351307 0.1
19 0.588235 0.543243 0.00980392 0.0594595
10 0.542484 0.421622 0.0245098 0.254054
7 0.444853 0.568919 0.0629085 0.0135135
10 0.27165 0.475676 0.14134 0.713514
6 0.223039 0.877027 0.383987 0.245946
6 0.466095 0.587838 0.0155229 0.0243243
6 0.423203 0.698649 0.0571895 0.110811
7 0.500408 0.698649 0.191993 0.110811
1 0.686683 0.312162 0.231209 0.191892
8 0.363971 0.589189 0.10049 0.0378378
8 0.393382 0.57027 0.0727124 0.027027
8 0.181781 0.706757 0.314542 0.143243
1 0.691585 0.483784 0.221405 0.221622
7 0.329248 0.698649 0.23366 0.110811
8 0.598448 0.625676 0.123366 0.0621622
8 0.669118 0.706757 0.232026 0.143243
8 0.310049 0.625676 0.156046 0.0621622
7 0.5 0.587838 0.0751634 0.0243243
1 0.691585 0.483784 0.221405 0.221622
19 0.542484 0.555405 0.0261438 0.0459459
7 0.399918 0.621622 0.125 0.0432432
7 0.5 0.621622 0.107843 0.0432432
2 0.382761 0.495946 0.00898693 0.132432
2 0.328023 0.493243 0.0187908 0.197297
2 0.389706 0.495946 0.00816993 0.121622
2 0.0996732 0.483784 0.0931373 0.486486
2 0.259395 0.490541 0.0351307 0.278378
2 0.354984 0.494595 0.0138889 0.162162
1 0.686683 0.0743243 0.231209 0.148649
2 0.287582 0.491892 0.0277778 0.243243
1 0.686683 0.0743243 0.231209 0.148649
2 0.309641 0.493243 0.0228758 0.218919
1 0.686683 0.168919 0.231209 0.218919
1 0.686683 0.168919 0.231209 0.218919
2 0.342729 0.494595 0.0155229 0.178378
2 0.172386 0.486486 0.0637255 0.389189
2 0.366013 0.494595 0.0114379 0.151351
2 0.222631 0.489189 0.0465686 0.324324
2 0.375 0.494595 0.00980392 0.140541
1 0.686683 0.312162 0.231209 0.191892
11 0.499592 0.577027 0.0661765 0.186486
11 0.499592 0.552703 0.0253268 0.0783784
5 0.430556 0.394595 0.0522876 0.351351
