6 0.38848 0.786486 0.103758 0.216216
7 0.500408 0.598649 0.0874183 0.0297297
7 0.500408 0.574324 0.0645425 0.0189189
7 0.243464 0.786486 0.379085 0.216216
7 0.500817 0.645946 0.135621 0.0648649
6 0.476716 0.559459 0.00898693 0.0108108
7 0.502451 0.786486 0.300654 0.216216
6 0.443627 0.644595 0.0359477 0.0621622
6 0.461601 0.598649 0.0196078 0.0297297
7 0.377451 0.645946 0.158497 0.0648649
7 0.418709 0.598649 0.0988562 0.0297297
6 0.470997 0.574324 0.0122549 0.0189189
7 0.500408 0.559459 0.0514706 0.0108108
8 0.14951 0.798649 0.29902 0.267568
7 0.439134 0.574324 0.0710784 0.0189189
7 0.45098 0.559459 0.0555556 0.0108108
8 0.756127 0.798649 0.378268 0.267568
8 0.622141 0.65 0.15768 0.0891892
10 0.318627 0.595946 0.0539216 0.132432
10 0.259395 0.616216 0.0874183 0.189189
10 0.224265 0.652703 0.10866 0.22973
8 0.580882 0.601351 0.0980392 0.0459459
10 0.335376 0.586486 0.0596405 0.113514
10 0.229984 0.632432 0.0988562 0.183784
8 0.405229 0.559459 0.0637255 0.0216216
10 0.284314 0.605405 0.0816993 0.167568
10 0.113154 0.706757 0.156046 0.327027
8 0.267565 0.65 0.205065 0.0891892
10 0.0723039 0.754054 0.144608 0.378378
8 0.548611 0.559459 0.0547386 0.0216216
8 0.560458 0.577027 0.0702614 0.0297297
10 0.356618 0.577027 0.0433007 0.110811
10 0.363562 0.575676 0.0506536 0.102703
10 0.35049 0.582432 0.0555556 0.116216
11 0.499592 0.536486 0.0743464 0.0945946
9 0.421977 0.483784 0.00898693 0.027027
10 0.060049 0.343243 0.120098 0.6
10 0.185866 0.401351 0.142974 0.413514
10 0.277778 0.441892 0.0947712 0.256757
10 0.0837418 0.433784 0.167484 0.402703
10 0.333742 0.460811 0.102124 0.305405
9 0.542075 0.478378 0.0122549 0.0378378
10 0.335784 0.451351 0.111111 0.275676
5 0.514706 0.391892 0.0522876 0.351351
5 0.542075 0.525676 0.000816993 0.132432
