10 0.678513 0.52027 0.0220588 0.0675676
2 0.541258 0.566216 0.00245098 0.0621622
19 0.590278 0.533784 0.0498366 0.0621622
7 0.377859 0.572973 0.0187908 0.00540541
10 0.363562 0.518919 0.0261438 0.0864865
7 0.5625 0.572973 0.0171569 0.00540541

7 0.499183 0.587838 0.0767974 0.0243243
6 0.417892 0.706757 0.0629085 0.121622
6 0.477533 0.556757 0.00898693 0.0108108
7 0.396242 0.622973 0.129085 0.0459459
6 0.45098 0.622973 0.0277778 0.0459459
7 0.426879 0.587838 0.0857843 0.0243243
7 0.499183 0.568919 0.0588235 0.0135135
6 0.464869 0.587838 0.0163399 0.0243243
6 0.204248 0.883784 0.408497 0.232432
7 0.499183 0.556757 0.0473856 0.0108108
6 0.472222 0.568919 0.0114379 0.0135135
7 0.45384 0.556757 0.0514706 0.0108108
7 0.498366 0.706757 0.202614 0.121622
7 0.319036 0.706757 0.249183 0.121622

1 0.28268 0.285135 0.202614 0.57027
8 0.360294 0.591892 0.102941 0.0378378
8 0.55433 0.57027 0.0629085 0.027027
5 0.433415 0.397297 0.0514706 0.340541
19 0.67933 0.554054 0.0318627 0.0432432
5 0.517974 0.333784 0.0816993 0.548649
19 0.410131 0.544595 0.0228758 0.0351351
8 0.570261 0.591892 0.0849673 0.0378378
8 0.303922 0.627027 0.161765 0.0648649
8 0.60049 0.627027 0.127451 0.0648649
8 0.166667 0.714865 0.333333 0.154054
19 0.362337 0.568919 0.0383987 0.0567568
8 0.39134 0.57027 0.0751634 0.027027
1 0.567402 0.495946 0.0187908 0.110811
8 0.676471 0.714865 0.245098 0.154054
1 0.716095 0.163514 0.169118 0.256757
11 0.499592 0.539189 0.0285948 0.0621622
1 0.167484 0.325676 0.334967 0.651351
20 0.65768 0.547297 0.0114379 0.0405405
