10 0.169935 0.751351 0.20915 0.497297
10 0.28799 0.72973 0.138072 0.540541
19 0.79902 0.605405 0.0359477 0.0486486
19 0.695261 0.605405 0.0277778 0.0486486
10 0.783088 0.332432 0.343954 0.664865
10 0.309232 0.683784 0.110294 0.497297
19 0.759804 0.627027 0.0506536 0.0108108
19 0.935458 0.851351 0.129085 0.297297
19 0.660131 0.6 0.0196078 0.0864865
19 0.566993 0.533784 0.00490196 0.0459459
6 0.466095 0.590541 0.0155229 0.0243243
1 0.777778 0.364865 0.444444 0.421622
19 0.63848 0.586486 0.0155229 0.0756757
1 0.713235 0.305405 0.0294118 0.0918919
1 0.713235 0.0608108 0.0294118 0.1
7 0.668709 0.702703 0.0563725 0.0216216
19 0.667892 0.604054 0.00898693 0.0837838
19 0.630719 0.581081 0.0130719 0.0702703
19 0.649918 0.591892 0.0171569 0.0810811
7 0.444444 0.57027 0.0637255 0.0162162
7 0.323529 0.705405 0.243464 0.118919
7 0.500408 0.590541 0.0759804 0.0243243
6 0.453023 0.624324 0.0269608 0.0432432
7 0.398693 0.624324 0.127451 0.0432432
6 0.420752 0.705405 0.0604575 0.118919
7 0.500817 0.705405 0.199346 0.118919
7 0.428105 0.590541 0.0849673 0.0243243
7 0.500408 0.624324 0.110294 0.0432432
6 0.205882 0.882432 0.411765 0.235135
8 0.392565 0.571622 0.0743464 0.0243243
1 0.680556 0.486486 0.194444 0.243243
1 0.680556 0.486486 0.194444 0.243243
8 0.675654 0.713514 0.24183 0.151351
8 0.362337 0.591892 0.102124 0.0378378
8 0.600899 0.627027 0.126634 0.0648649
8 0.17116 0.713514 0.329248 0.151351
8 0.306373 0.627027 0.160131 0.0648649
2 0.388072 0.495946 0.00816993 0.127027
19 0.572304 0.598649 0.0171569 0.105405
5 0.301062 0.355405 0.160948 0.710811
2 0.20915 0.489189 0.0506536 0.345946
2 0.249592 0.490541 0.0383987 0.294595
2 0.27982 0.491892 0.0302288 0.254054
2 0.0694444 0.482432 0.107843 0.527027
2 0.153186 0.486486 0.0710784 0.416216
2 0.351716 0.494595 0.0138889 0.167568
11 0.499592 0.554054 0.0253268 0.0810811
2 0.363154 0.495946 0.0122549 0.154054
2 0.338644 0.494595 0.0171569 0.183784
2 0.303513 0.493243 0.0236928 0.224324
2 0.322712 0.493243 0.0196078 0.202703
11 0.499592 0.571622 0.0612745 0.17027
2 0.380719 0.495946 0.00980392 0.132432
5 0.512255 0.381081 0.0588235 0.394595
2 0.372549 0.495946 0.0114379 0.143243
