10 0.303922 0.539189 0.114379 0.537838
8 0.349673 0.597297 0.114379 0.0432432
2 0.352124 0.493243 0.0147059 0.17027
2 0.372958 0.493243 0.0106209 0.143243
6 0.446895 0.639189 0.0326797 0.0567568
8 0.385212 0.574324 0.0808824 0.0297297
8 0.280229 0.643243 0.189542 0.0810811
7 0.383987 0.639189 0.148693 0.0567568
7 0.421569 0.595946 0.0947712 0.0297297
19 0.0351307 0.727027 0.0702614 0.124324
6 0.400735 0.756757 0.0857843 0.178378
8 0.406863 0.560811 0.0620915 0.0189189
6 0.463235 0.595946 0.0179739 0.0297297
2 0.381127 0.494595 0.00898693 0.135135
10 0.212418 0.678378 0.153595 0.643243
20 0.564951 0.528378 0.0285948 0.0837838
2 0.388072 0.494595 0.00816993 0.124324
2 0.339052 0.491892 0.0163399 0.183784
7 0.502042 0.756757 0.260621 0.178378

7 0.273284 0.756757 0.327614 0.178378
7 0.452206 0.559459 0.0547386 0.0108108
7 0.500408 0.595946 0.0841503 0.0297297
19 0.119281 0.678378 0.0718954 0.0918919
2 0.363154 0.493243 0.0122549 0.154054
7 0.500817 0.639189 0.127451 0.0567568
7 0.440768 0.572973 0.0694444 0.0162162
5 0.295752 0.547297 0.00326797 0.224324
9 0.29616 0.466216 0.0204248 0.0675676
2 0.30433 0.491892 0.0236928 0.227027
2 0.0706699 0.482432 0.107026 0.527027
2 0.280229 0.490541 0.0294118 0.256757
2 0.323529 0.491892 0.0196078 0.205405
2 0.25 0.489189 0.0375817 0.291892
2 0.0126634 0.474324 0.0253268 0.716216
5 0.291667 0.352703 0.158497 0.705405
2 0.209967 0.487838 0.0506536 0.343243
11 0.499592 0.558108 0.0285948 0.0891892
5 0.512255 0.37973 0.0588235 0.397297
2 0.154003 0.483784 0.0710784 0.416216
