10 0.284722 0.75 0.113562 0.5
6 0.444444 0.643243 0.0343137 0.0594595
6 0.46201 0.598649 0.0187908 0.0297297
19 0.582516 0.548649 0.00653595 0.0432432
19 0.670343 0.612162 0.0612745 0.072973
7 0.581291 0.595946 0.0236928 0.00810811
19 0.589461 0.552703 0.00735294 0.0459459
10 0.238154 0.751351 0.146242 0.497297
19 0.65482 0.572973 0.0253268 0.00540541
1 0.636029 0.217568 0.0171569 0.0621622
19 0.59518 0.556757 0.00408497 0.0486486
19 0.617647 0.562162 0.0130719 0.027027
19 0.584967 0.551351 0.00653595 0.0432432
1 0.636029 0.374324 0.0171569 0.0567568
20 0.729167 0.609459 0.120098 0.310811
10 0.216503 0.714865 0.207516 0.57027
19 0.592729 0.556757 0.00735294 0.0486486
8 0.345997 0.601351 0.118464 0.0459459
8 0.272467 0.647297 0.198529 0.0837838
7 0.502042 0.775676 0.283497 0.2
6 0.393382 0.774324 0.0972222 0.202703
8 0.405637 0.562162 0.0629085 0.0216216
7 0.439542 0.574324 0.0702614 0.0189189
7 0.379902 0.644595 0.155229 0.0621622
7 0.254902 0.775676 0.359477 0.2
8 0.382761 0.577027 0.0825163 0.0297297
7 0.451389 0.559459 0.0547386 0.0108108
7 0.419526 0.598649 0.0972222 0.0297297
1 0.618464 0.0945946 0.117647 0.189189
8 0.619281 0.647297 0.153595 0.0837838
1 0.618464 0.206757 0.117647 0.208108
1 0.618464 0.206757 0.117647 0.208108
1 0.618464 0.489189 0.117647 0.156757
8 0.151961 0.786486 0.303922 0.248649
1 0.618464 0.489189 0.117647 0.156757
1 0.618464 0.0945946 0.117647 0.189189
2 0.36152 0.494595 0.0122549 0.156757
2 0.387255 0.493243 0.00816993 0.127027
2 0.379902 0.494595 0.00980392 0.135135
2 0.393791 0.494595 0.00816993 0.118919
2 0.350082 0.493243 0.0138889 0.17027
2 0.371324 0.494595 0.0106209 0.145946
2 0.0559641 0.47973 0.111928 0.548649
2 0.142974 0.485135 0.0751634 0.42973
2 0.244281 0.487838 0.0392157 0.3
11 0.499592 0.558108 0.0285948 0.0891892
5 0.405229 0.348649 0.0751634 0.497297
19 0.540441 0.554054 0.00898693 0.0594595
2 0.202206 0.487838 0.0531046 0.354054
5 0.508578 0.414865 0.0416667 0.278378
2 0.300654 0.490541 0.0245098 0.22973
11 0.499592 0.582432 0.0710784 0.197297
2 0.336193 0.493243 0.0171569 0.186486
2 0.276144 0.490541 0.0310458 0.262162
5 0.560049 0.435135 0.276961 0.87027
2 0.320261 0.491892 0.0196078 0.205405
