19 0.931373 0.651351 0.0408497 0.0756757
6 0.466912 0.586486 0.0155229 0.0216216
7 0.430556 0.586486 0.0816993 0.0216216
8 0.395425 0.568919 0.0718954 0.0243243
7 0.499592 0.586486 0.0727124 0.0216216
8 0.367239 0.587838 0.0972222 0.0351351
19 0.768382 0.651351 0.0465686 0.0756757
2 0.0739379 0.647297 0.0498366 0.143243
7 0.44567 0.568919 0.0612745 0.0135135
7 0.390523 0.62973 0.145425 0.0648649
7 0.67933 0.766216 0.64134 0.213514
7 0.501225 0.62973 0.123366 0.0648649
8 0.552696 0.568919 0.0612745 0.0243243
7 0.258987 0.767568 0.361111 0.210811
2 0.982843 0.601351 0.0343137 0.0783784
8 0.767565 0.681081 0.464869 0.178378
2 0.198529 0.598649 0.0424837 0.0783784
2 0.116013 0.598649 0.0424837 0.0783784
2 0.00694444 0.598649 0.0138889 0.0783784
2 0.904412 0.601351 0.0424837 0.0783784
2 0.0334967 0.598649 0.0424837 0.0783784
2 0.0747549 0.598649 0.0433007 0.0783784
2 0.94567 0.601351 0.0433007 0.0783784
8 0.19567 0.766216 0.39134 0.348649
2 0.156863 0.598649 0.0424837 0.0783784
15 0.444853 0.583784 0.464869 0.118919
2 0.863562 0.601351 0.0424837 0.0783784
15 0.464052 0.554054 0.297386 0.0756757
8 0.567402 0.587838 0.0808824 0.0351351
5 0.371732 0.317568 0.102941 0.635135
2 0.781046 0.601351 0.0424837 0.0783784
19 0.164216 0.52027 0.148693 0.343243
2 0.698529 0.601351 0.0424837 0.0783784
2 0.740196 0.601351 0.0424837 0.0783784
5 0.508987 0.412162 0.0441176 0.294595
15 0.473039 0.540541 0.218954 0.0540541
2 0.822304 0.601351 0.0433007 0.0783784
5 0.330474 0.493243 0.00408497 0.278378
18 0.332925 0.416216 0.0106209 0.108108
18 0.95384 0.359459 0.0302288 0.178378
11 0.499592 0.572973 0.126634 0.151351
11 0.499592 0.694595 0.139706 0.297297
5 0.942402 0.489189 0.00898693 0.459459
