19 0.411356 0.551351 0.00735294 0.0432432
19 0.362337 0.536486 0.0155229 0.0459459
7 0.931373 0.577027 0.137255 0.00810811
7 0.829248 0.577027 0.156863 0.00810811
7 0.671569 0.568919 0.161765 0.00810811
3 0.354984 0.558108 0.0285948 0.00810811
6 0.402778 0.748649 0.0833333 0.167568
19 0.906863 0.574324 0.0866013 0.00810811
8 0.358252 0.572973 0.0367647 0.027027
7 0.499592 0.748649 0.250817 0.167568
19 0.193627 0.536486 0.0196078 0.0459459
19 0.423203 0.544595 0.00326797 0.0351351
10 0.110294 0.290541 0.197712 0.581081
19 0.42116 0.545946 0.00571895 0.0378378
7 0.794526 0.568919 0.136438 0.00810811
19 0.40768 0.554054 0.00816993 0.0432432
6 0.918709 0.571622 0.11683 0.0027027
19 0.124183 0.545946 0.0261438 0.0594595
19 0.418301 0.547297 0.00653595 0.0405405
19 0.403595 0.556757 0.00816993 0.0486486
6 0.806781 0.571622 0.115196 0.0027027
19 0.415033 0.55 0.00653595 0.0405405
7 0.280229 0.748649 0.315359 0.167568
3 0.316176 0.568919 0.0359477 0.00810811
3 0.27982 0.567568 0.0351307 0.0108108
8 0.157271 0.758108 0.314542 0.208108
8 0.303513 0.631081 0.229575 0.127027
7 0.693219 0.577027 0.183824 0.00810811
8 0.185866 0.567568 0.371732 0.0216216
19 0.664624 0.504054 0.0482026 0.1
8 0.872958 0.587838 0.18219 0.0243243
5 0.226716 0.458108 0.0253268 0.22973
7 0.900327 0.568919 0.147059 0.00810811
2 0.645425 0.572973 0.0833333 0.0702703
15 0.418709 0.614865 0.66585 0.175676
8 0.953431 0.587838 0.0931373 0.0243243
8 0.765114 0.631081 0.469771 0.110811
2 0.741422 0.562162 0.0269608 0.0486486
2 0.688725 0.562162 0.0277778 0.0486486
2 0.794118 0.562162 0.0277778 0.0486486
2 0.873366 0.562162 0.0277778 0.0486486
2 0.995915 0.562162 0.00816993 0.0486486
2 0.899918 0.562162 0.0269608 0.0486486
2 0.952614 0.562162 0.0277778 0.0486486
2 0.662173 0.562162 0.0269608 0.0486486
2 0.978758 0.562162 0.0277778 0.0486486
2 0.926471 0.562162 0.0277778 0.0486486
2 0.82067 0.562162 0.0269608 0.0486486
2 0.3125 0.562162 0.0269608 0.0486486
2 0.767974 0.562162 0.0277778 0.0486486
2 0.847222 0.562162 0.0277778 0.0486486
2 0.715278 0.562162 0.0269608 0.0486486
2 0.319036 0.564865 0.0138889 0.0540541

10 0.873775 0.562162 0.00408497 0.027027
10 0.868873 0.562162 0.00408497 0.027027
10 0.86969 0.562162 0.00408497 0.027027
2 0.102533 0.562162 0.0269608 0.0486486
2 0.0502451 0.562162 0.0269608 0.0486486
2 0.305556 0.57027 0.0163399 0.0594595
2 0.286356 0.562162 0.0269608 0.0486486
2 0.207925 0.562162 0.0269608 0.0486486
10 0.88031 0.562162 0.00408497 0.027027
2 0.181373 0.562162 0.0277778 0.0486486
2 0.0763889 0.562162 0.0269608 0.0486486
2 0.0241013 0.562162 0.0269608 0.0486486
2 0.00571895 0.562162 0.0114379 0.0486486
2 0.260212 0.562162 0.0269608 0.0486486
2 0.155229 0.562162 0.0277778 0.0486486
2 0.129085 0.562162 0.0277778 0.0486486
2 0.234069 0.562162 0.0269608 0.0486486
2 0.289624 0.577027 0.0187908 0.0675676
10 0.895833 0.562162 0.00408497 0.027027
10 0.903186 0.562162 0.00571895 0.027027
10 0.910539 0.562162 0.00571895 0.027027
10 0.895016 0.562162 0.00408497 0.027027
10 0.910948 0.562162 0.00490196 0.027027
10 0.90482 0.562162 0.00408497 0.027027
10 0.910948 0.562162 0.00490196 0.027027
10 0.90768 0.562162 0.00490196 0.027027
10 0.905229 0.562162 0.00490196 0.027027
10 0.889706 0.562162 0.00490196 0.027027
10 0.892565 0.562162 0.00571895 0.027027
10 0.890931 0.562162 0.00571895 0.027027
10 0.89665 0.562162 0.00408497 0.027027
10 0.936683 0.562162 0.00571895 0.027027
10 0.931781 0.562162 0.00408497 0.027027
10 0.934232 0.562162 0.00408497 0.027027
10 0.926062 0.562162 0.00408497 0.027027
10 0.923611 0.562162 0.00408497 0.027027
10 0.933415 0.562162 0.00571895 0.027027
10 0.912173 0.562162 0.00408497 0.027027
10 0.923611 0.562162 0.00408497 0.027027
10 0.911356 0.562162 0.00571895 0.027027
10 0.917075 0.562162 0.00571895 0.027027
10 0.912582 0.562162 0.00490196 0.027027
10 0.913807 0.562162 0.00408497 0.027027
10 0.917075 0.562162 0.00408497 0.027027
10 0.924428 0.562162 0.00408497 0.027027
4 0.996324 0.52973 0.00735294 0.102703
18 0.550245 0.42973 0.00735294 0.0864865
5 0.433007 0.495946 0.00163399 0.110811
5 0.628268 0.381081 0.0212418 0.394595
5 0.833333 0.397297 0.0375817 0.340541
19 0.570261 0.531081 0.00653595 0.0405405
10 0.938317 0.562162 0.00408497 0.027027
19 0.210376 0.55 0.0122549 0.0513514
4 0.99183 0.531081 0.0114379 0.1
11 0.499592 0.668919 0.121732 0.256757
5 0.625 0.494595 0.00163399 0.12973
5 0.41585 0.362162 0.0686275 0.454054
5 0.559641 0.435135 0.276144 0.87027
5 0.550245 0.493243 0.00245098 0.224324
18 0.627859 0.459459 0.00571895 0.0486486
10 0.935866 0.562162 0.00408497 0.027027
11 0.5 0.601351 0.178105 0.213514
