19 0.431373 0.539189 0.00490196 0.0351351
19 0.435866 0.536486 0.00408497 0.0297297
19 0.433824 0.537838 0.00490196 0.0324324
8 0.333333 0.608108 0.130719 0.0486486
6 0.4375 0.659459 0.0416667 0.0756757
7 0.412582 0.605405 0.106209 0.0324324
19 0.380719 0.531081 0.0130719 0.0405405
7 0.499592 0.605405 0.0939542 0.0324324
7 0.363562 0.659459 0.178105 0.0756757
6 0.361111 0.848649 0.143791 0.302703
7 0.499592 0.659459 0.14951 0.0756757
6 0.458742 0.605405 0.0220588 0.0324324
15 0.460376 0.556757 0.321078 0.0810811
8 0.786765 0.843243 0.426471 0.313514
8 0.585376 0.608108 0.105392 0.0486486
5 0.307598 0.47027 0.0171569 0.162162
2 0.788807 0.541892 0.0187908 0.0351351
15 0.436683 0.591892 0.523693 0.135135
2 0.734886 0.541892 0.0187908 0.0351351
2 0.354575 0.540541 0.0179739 0.0324324
2 0.372549 0.540541 0.0179739 0.0324324
8 0.243873 0.664865 0.232843 0.102703
2 0.627859 0.541892 0.0187908 0.0351351
2 0.663399 0.541892 0.0179739 0.0351351
2 0.609886 0.541892 0.0187908 0.0351351
8 0.633578 0.664865 0.175654 0.102703
2 0.770833 0.541892 0.0187908 0.0351351
2 0.645425 0.541892 0.0179739 0.0351351
2 0.681373 0.541892 0.0179739 0.0351351
2 0.716912 0.541892 0.0187908 0.0351351
2 0.372549 0.545946 0.00653595 0.0378378
5 0.591095 0.414865 0.0122549 0.278378
2 0.265523 0.540541 0.0179739 0.0324324
2 0.301471 0.540541 0.0179739 0.0324324
11 0.499592 0.560811 0.10866 0.132432
2 0.283497 0.540541 0.0179739 0.0324324
11 0.5 0.668919 0.122549 0.262162
2 0.699346 0.541892 0.0179739 0.0351351
2 0.229984 0.540541 0.0187908 0.0324324
2 0.194444 0.540541 0.0179739 0.0324324
5 0.519608 0.312162 0.0915033 0.618919
2 0.21201 0.540541 0.0187908 0.0324324
5 0.531863 0.494595 0.00163399 0.140541
18 0.531454 0.454054 0.00408497 0.0540541
2 0.365605 0.547297 0.00735294 0.0405405
5 0.44281 0.406757 0.0457516 0.305405
2 0.593546 0.545946 0.0465686 0.0432432
2 0.247958 0.540541 0.0187908 0.0324324
2 0.752859 0.541892 0.0187908 0.0351351
2 0.378268 0.543243 0.00653595 0.0378378
