19 0.67116 0.562162 0.0204248 0.027027
20 0.066585 0.545946 0.0220588 0.0702703
19 0.606209 0.562162 0.0212418 0.027027
20 0.064951 0.547297 0.0236928 0.072973
7 0.294935 0.627027 0.0359477 0.0108108
20 0.0236928 0.55 0.0261438 0.072973
20 0.0245098 0.547297 0.0245098 0.072973
10 0.610703 0.524324 0.0302288 0.102703
7 0.606209 0.627027 0.0310458 0.0108108
20 0.103758 0.560811 0.0261438 0.0837838
20 0.0943627 0.543243 0.0187908 0.0594595
20 0.144199 0.555405 0.0220588 0.0783784
20 0.238562 0.544595 0.0163399 0.0621622
20 0.0441176 0.52027 0.0800654 0.143243
20 0.146242 0.559459 0.0245098 0.0810811
20 0.100899 0.559459 0.0253268 0.0810811
20 0.0959967 0.544595 0.0187908 0.0621622
20 0.127042 0.541892 0.0171569 0.0567568
20 0.233252 0.543243 0.0155229 0.0594595
20 0.20915 0.545946 0.0179739 0.0648649
20 0.110703 0.516216 0.0612745 0.118919
20 0.123366 0.521622 0.0816993 0.162162
2 0.294118 0.572973 0.0114379 0.0648649
2 0.237337 0.591892 0.0187908 0.0810811
7 0.449755 0.564865 0.0596405 0.0162162
7 0.286765 0.737838 0.320261 0.189189
2 0.344771 0.555405 0.00653595 0.0459459
7 0.547794 0.585135 0.167484 0.0243243
2 0.135621 0.627027 0.0359477 0.118919
20 0.22018 0.516216 0.0563725 0.124324
2 0.330882 0.560811 0.00816993 0.0513514
2 0.191993 0.608108 0.0261438 0.0972973
6 0.67933 0.694595 0.64134 0.275676
6 0.194853 0.914865 0.389706 0.17027
2 0.269608 0.581081 0.0147059 0.0702703
8 0.197304 0.740541 0.394608 0.302703
7 0.402778 0.62027 0.122549 0.0459459
7 0.502042 0.737838 0.257353 0.189189
8 0.381536 0.583784 0.114379 0.0594595
19 0.302696 0.564865 0.0122549 0.0756757
19 0.61152 0.585135 0.0433007 0.0675676
7 0.571895 0.62027 0.251634 0.0459459
15 0.474673 0.541892 0.212418 0.0513514
2 0.341503 0.547297 0.0196078 0.0351351
19 0.364788 0.510811 0.0400327 0.12973
5 0.440359 0.408108 0.0473856 0.3135142 0.245915 0.547297 0.0196078 0.0351351
5 0.671569 0.341892 0.0343137 0.537838
2 0.169526 0.547297 0.0204248 0.0351351
2 0.647876 0.548649 0.0196078 0.0378378
2 0.303105 0.547297 0.0196078 0.0351351
2 0.723856 0.548649 0.0196078 0.0378378
2 0.629085 0.548649 0.0196078 0.0378378
2 0.284314 0.547297 0.0196078 0.0351351
2 0.610294 0.548649 0.0196078 0.0378378
2 0.131536 0.547297 0.0196078 0.0351351
2 0.742647 0.548649 0.0196078 0.0378378
2 0.207516 0.547297 0.0196078 0.0351351
2 0.264706 0.547297 0.0196078 0.0351351
2 0.591095 0.548649 0.0187908 0.0378378
2 0.685458 0.548649 0.0196078 0.0378378
2 0.321895 0.547297 0.0196078 0.0351351
2 0.666667 0.548649 0.0196078 0.0378378
2 0.150327 0.547297 0.0196078 0.0351351
2 0.227124 0.547297 0.0196078 0.0351351
2 0.188725 0.547297 0.0196078 0.0351351
2 0.704248 0.548649 0.0196078 0.0378378
11 0.499592 0.752703 0.180556 0.391892
5 0.419935 0.498649 0.00163399 0.132432
18 0.658905 0.454054 0.00735294 0.0594595
18 0.575163 0.4 0.0114379 0.12973
19 0.72549 0.552703 0.0114379 0.0513514
5 0.65482 0.498649 0.00245098 0.159459
18 0.420752 0.462162 0.00490196 0.0486486
11 0.5 0.593243 0.158497 0.191892
5 0.573938 0.493243 0.00408497 0.332432
