19 0.395016 0.560811 0.00898693 0.0513514
1 0.622958 0.345946 0.0449346 0.0918919
19 0.404412 0.555405 0.00816993 0.0459459
19 0.408905 0.552703 0.00735294 0.0459459
19 0.399918 0.559459 0.00898693 0.0486486
19 0.383578 0.568919 0.0106209 0.0567568
19 0.389706 0.564865 0.00980392 0.0540541
19 0.0457516 0.556757 0.0343137 0.0702703
19 0.144199 0.543243 0.0236928 0.0540541
3 0.23652 0.57973 0.0449346 0.0135135
7 0.497958 0.562162 0.0171569 0.00540541
3 0.331291 0.567568 0.0351307 0.0108108
19 0.969771 0.590541 0.0604575 0.00810811
19 0.340278 0.543243 0.0187908 0.0540541
3 0.279412 0.582432 0.0457516 0.0135135
19 0.410948 0.551351 0.00326797 0.0432432
19 0.892157 0.539189 0.0114379 0.0513514
10 0.132761 0.304054 0.18219 0.543243
19 0.6875 0.505405 0.0563725 0.113514
5 0.169526 0.448649 0.0318627 0.275676
7 0.731618 0.590541 0.224673 0.0135135
6 0.231618 0.875676 0.36683 0.248649
19 0.780637 0.509459 0.0138889 0.0837838
7 0.701797 0.57973 0.19281 0.00810811
7 0.893791 0.590541 0.196078 0.0135135
2 0.89951 0.547297 0.0359477 0.0459459
19 0.73652 0.505405 0.0580065 0.113514
2 0.687908 0.595946 0.119281 0.1
2 0.964052 0.577027 0.0343137 0.0621622
15 0.474673 0.7 0.949346 0.32973
19 0.29616 0.556757 0.0253268 0.0702703
6 0.962418 0.585135 0.0751634 0.0027027
6 0.862337 0.585135 0.136438 0.0027027
7 0.844771 0.57973 0.165033 0.00810811
2 0.931373 0.577027 0.0343137 0.0621622
2 0.989788 0.577027 0.0204248 0.0621622
8 0.175654 0.57973 0.351307 0.0297297
8 0.213644 0.689189 0.378268 0.221622
2 0.224673 0.601351 0.0310458 0.0891892

2 0.273693 0.581081 0.0212418 0.0702703
2 0.767157 0.577027 0.0343137 0.0621622
12 0.673203 0.524324 0.0310458 0.0540541
2 0.865605 0.577027 0.0334967 0.0621622
2 0.734477 0.577027 0.0343137 0.0621622
10 0.948121 0.575676 0.00408497 0.0324324
2 0.104575 0.577027 0.0343137 0.0621622
2 0.267565 0.577027 0.0334967 0.0621622
2 0.0723039 0.577027 0.0334967 0.0621622
2 0.800245 0.577027 0.0334967 0.0621622
2 0.898693 0.577027 0.0343137 0.0621622
2 0.234886 0.577027 0.0334967 0.0621622
2 0.832925 0.577027 0.0334967 0.0621622
2 0.0396242 0.577027 0.0334967 0.0621622
2 0.137255 0.577027 0.0343137 0.0621622
2 0.701797 0.577027 0.0343137 0.0621622
12 0.754902 0.524324 0.0310458 0.0540541
10 0.964869 0.575676 0.00326797 0.0324324
10 0.972631 0.577027 0.00735294 0.0351351
10 0.962418 0.575676 0.00326797 0.0324324
10 0.962418 0.575676 0.00490196 0.0324324
10 0.973039 0.575676 0.00326797 0.0324324
10 0.954657 0.575676 0.00408497 0.0324324
10 0.957108 0.575676 0.00571895 0.0324324
10 0.97549 0.577027 0.00490196 0.0351351
10 0.971405 0.575676 0.00490196 0.0324324
10 0.960376 0.575676 0.00571895 0.0324324
10 0.952206 0.575676 0.00408497 0.0324324
10 0.953431 0.575676 0.00653595 0.0324324
10 0.989788 0.575676 0.00408497 0.0324324
10 0.988971 0.575676 0.00735294 0.0324324
10 0.97835 0.575676 0.00408497 0.0324324
10 0.978758 0.575676 0.00490196 0.0324324
10 0.994281 0.575676 0.00653595 0.0324324
10 0.997958 0.575676 0.00408497 0.0324324
10 0.991422 0.575676 0.00408497 0.0324324
10 0.980392 0.575676 0.00326797 0.0324324
10 0.979575 0.575676 0.00490196 0.0324324
10 0.989788 0.575676 0.00571895 0.0324324
10 0.990605 0.575676 0.00571895 0.0324324
10 0.997549 0.575676 0.00490196 0.0324324
10 0.985294 0.575676 0.00326797 0.0324324
10 0.973856 0.575676 0.00653595 0.0324324
10 0.978758 0.575676 0.00326797 0.0324324
10 0.975899 0.575676 0.00735294 0.0324324
18 0.648284 0.452703 0.00735294 0.0567568
9 0.524918 0.490541 0.00735294 0.0243243
5 0.654003 0.355405 0.0285948 0.478378
4 0.548611 0.518919 0.00571895 0.0702703
19 0.579657 0.535135 0.00735294 0.0432432
5 0.45098 0.42027 0.0392157 0.262162
18 0.566176 0.408108 0.00980392 0.113514
4 0.60335 0.535135 0.00571895 0.0540541
5 0.424428 0.494595 0.000816993 0.124324
5 0.565359 0.491892 0.00326797 0.291892
5 0.644608 0.494595 0.00163399 0.151351
10 0.997141 0.575676 0.00571895 0.0324324
5 0.395016 0.327027 0.0857843 0.567568
19 0.150327 0.559459 0.0163399 0.0648649
5 0.889297 0.378378 0.0498366 0.4
18 0.425245 0.460811 0.00408497 0.0459459
11 0.5 0.791892 0.318627 0.416216
11 0.5 0.67973 0.313725 0.375676
