19 0.877451 0.572973 0.0212418 0.0324324
19 0.632761 0.572973 0.0253268 0.0324324
19 0.712827 0.572973 0.0236928 0.0324324
20 0.0183824 0.574324 0.0367647 0.110811
20 0.130719 0.552703 0.0245098 0.0837838
20 0.170752 0.55 0.0228758 0.0783784
10 0.662173 0.532432 0.0482026 0.151351
20 0.0396242 0.548649 0.0236928 0.0702703
7 0.186683 0.689189 0.0629085 0.0216216
20 0.0367647 0.55 0.0245098 0.072973
20 0.0241013 0.57027 0.0351307 0.102703
7 0.66299 0.689189 0.0514706 0.0216216
20 0.167892 0.548649 0.0220588 0.0756757
20 0.127042 0.55 0.0236928 0.0783784
10 0.953431 0.360811 0.0931373 0.613514
19 0.797386 0.572973 0.0228758 0.0324324
20 0.147876 0.516216 0.0767974 0.156757
2 0.167075 0.613514 0.0302288 0.108108
7 0.614379 0.671622 0.398693 0.1
7 0.351716 0.67027 0.201797 0.0972973
2 0.281454 0.574324 0.0138889 0.0675676
7 0.413399 0.604054 0.107843 0.0351351
2 0.30433 0.564865 0.0106209 0.0594595
7 0.563317 0.604054 0.221405 0.0405405
2 0.216095 0.595946 0.0220588 0.0891892
2 0.0943627 0.639189 0.0449346 0.132432
2 0.00612745 0.681081 0.0122549 0.178378
19 0.954657 0.656757 0.0792484 0.0162162
20 0.0285948 0.517568 0.0571895 0.148649
6 0.959967 0.622973 0.0800654 0.0027027
2 0.00939542 0.554054 0.0187908 0.0432432
2 0.0302288 0.554054 0.0245098 0.0432432
19 0.227124 0.586486 0.0196078 0.108108
19 0.662582 0.62027 0.0686275 0.105405
19 0.331699 0.508108 0.0539216 0.162162
2 0.215278 0.554054 0.0236928 0.0432432
2 0.0763889 0.554054 0.0236928 0.0432432
2 0.238154 0.554054 0.0236928 0.0432432
2 0.0531046 0.554054 0.0245098 0.0432432
2 0.261029 0.554054 0.0236928 0.0432432
15 0.469363 0.545946 0.258987 0.0648649
2 0.145833 0.554054 0.0236928 0.0432432
2 0.307598 0.554054 0.0236928 0.0432432
2 0.122549 0.554054 0.0245098 0.0432432
2 0.191993 0.554054 0.0245098 0.0432432
2 0.168709 0.554054 0.0236928 0.0432432
8 0.348039 0.602703 0.160131 0.0864865
2 0.0992647 0.554054 0.0236928 0.0432432
2 0.284722 0.554054 0.0236928 0.0432432
2 0.725082 0.554054 0.0236928 0.0432432
2 0.840278 0.554054 0.0236928 0.0432432
2 0.67933 0.554054 0.0236928 0.0432432
2 0.817402 0.554054 0.0236928 0.0432432
2 0.863154 0.554054 0.0236928 0.0432432
2 0.702206 0.554054 0.0236928 0.0432432
2 0.748366 0.554054 0.0245098 0.0432432
2 0.633578 0.554054 0.0236928 0.0432432
2 0.794526 0.554054 0.0236928 0.0432432
2 0.77165 0.554054 0.0236928 0.0432432
5 0.427696 0.385135 0.0580065 0.381081
18 0.635621 0.312162 0.0228758 0.240541
11 0.499592 0.582432 0.146242 0.175676
5 0.403595 0.494595 0.00163399 0.156757
5 0.632353 0.483784 0.00816993 0.594595
5 0.738562 0.325676 0.0604575 0.651351
19 0.785539 0.562162 0.0155229 0.0648649
18 0.701797 0.436486 0.00980392 0.0783784
11 0.499592 0.725676 0.164216 0.354054
5 0.696895 0.493243 0.00326797 0.202703
18 0.404412 0.451351 0.00490196 0.0594595
11 0.934641 0.548649 0.130719 0.135135
2 0.610703 0.554054 0.0236928 0.0432432
5 0.544935 0.385135 0.20098 0.77027
