6 0.457516 0.609459 0.0228758 0.0351351
6 0.468546 0.581081 0.0138889 0.0216216
6 0.434641 0.667568 0.0441176 0.0810811
7 0.433824 0.581081 0.0767974 0.0216216
7 0.409722 0.609459 0.110294 0.0351351
7 0.5 0.609459 0.0964052 0.0351351
7 0.357026 0.667568 0.189542 0.0810811
7 0.499592 0.581081 0.0694444 0.0216216
15 0.424837 0.609459 0.629085 0.164865
8 0.640114 0.672973 0.187092 0.108108
5 0.514297 0.363514 0.0678105 0.451351
2 0.392974 0.537838 0.00490196 0.0324324
8 0.587827 0.610811 0.10866 0.0540541
2 0.388072 0.539189 0.00490196 0.0351351
2 0.578431 0.539189 0.0375817 0.0351351
8 0.232026 0.672973 0.248366 0.108108
5 0.451797 0.421622 0.0392157 0.259459
8 0.564134 0.582432 0.0759804 0.0351351
7 0.499592 0.667568 0.15768 0.0810811
15 0.456699 0.563514 0.357843 0.0891892
8 0.328431 0.610811 0.135621 0.0540541
15 0.469363 0.544595 0.249183 0.0621622
11 0.5 0.563514 0.114379 0.137838
11 0.499592 0.675676 0.126634 0.27027
5 0.526144 0.494595 0.00163399 0.118919
