19 0.428922 0.541892 0.00490196 0.0351351
19 0.433824 0.537838 0.00490196 0.0324324
19 0.431373 0.539189 0.00490196 0.0351351
3 0.380719 0.547297 0.0228758 0.00810811
19 0.426471 0.541892 0.00490196 0.0351351
19 0.437092 0.536486 0.00326797 0.0297297
19 0.435866 0.536486 0.00408497 0.0297297
8 0.385212 0.558108 0.0253268 0.0189189
19 0.423611 0.543243 0.00571895 0.0378378
7 0.269608 0.759459 0.334967 0.183784
6 0.447304 0.637838 0.0334967 0.0594595
7 0.383987 0.637838 0.150327 0.0594595
19 0.365605 0.536486 0.0155229 0.0459459
6 0.39951 0.759459 0.0898693 0.183784
6 0.671977 0.574324 0.437092 0.072973
19 0.386846 0.52973 0.0122549 0.0378378
19 0.830065 0.558108 0.0686275 0.00810811
10 0.188725 0.333784 0.145425 0.456757
7 0.644608 0.554054 0.132353 0.00540541

10 0.354167 0.305405 0.144608 0.589189
8 0.730801 0.77027 0.332516 0.227027
8 0.362745 0.591892 0.142157 0.0756757
7 0.423203 0.591892 0.0980392 0.0378378
8 0.708333 0.591892 0.364379 0.0648649
7 0.770833 0.560811 0.123366 0.00810811
7 0.501225 0.639189 0.128268 0.0567568
7 0.446487 0.564865 0.0645425 0.0162162
8 0.79902 0.568919 0.138889 0.0189189
8 0.155229 0.768919 0.310458 0.224324
7 0.658905 0.560811 0.146242 0.00810811
7 0.501634 0.759459 0.26634 0.183784
8 0.280229 0.643243 0.191176 0.0810811
8 0.617239 0.643243 0.147876 0.0810811
2 0.671569 0.547297 0.0212418 0.0405405
2 0.859069 0.547297 0.0220588 0.0405405
2 0.734069 0.547297 0.0220588 0.0405405
5 0.281046 0.464865 0.0196078 0.183784
2 0.353758 0.545946 0.0212418 0.0378378
2 0.250817 0.545946 0.0212418 0.0378378
15 0.451389 0.571622 0.412582 0.105405
2 0.271242 0.545946 0.0212418 0.0378378
2 0.333333 0.545946 0.0212418 0.0378378
8 0.196895 0.554054 0.393791 0.0162162
2 0.691993 0.547297 0.0212418 0.0405405
2 0.754902 0.547297 0.0212418 0.0405405
2 0.817402 0.547297 0.0220588 0.0405405
2 0.292484 0.545946 0.0212418 0.0378378
2 0.713235 0.547297 0.0212418 0.0405405
2 0.88031 0.547297 0.0220588 0.0405405
2 0.650327 0.547297 0.0212418 0.0405405
2 0.901144 0.547297 0.0212418 0.0405405
2 0.94281 0.547297 0.0212418 0.0405405
2 0.775735 0.547297 0.0220588 0.0405405
15 0.40768 0.640541 0.815359 0.221622
7 0.502451 0.591892 0.0882353 0.0378378
2 0.921977 0.547297 0.0220588 0.0405405
2 0.838235 0.547297 0.0212418 0.0405405
2 0.796569 0.547297 0.0212418 0.0405405
2 0.612337 0.554054 0.0580065 0.0540541
2 0.0449346 0.545946 0.0212418 0.0378378
2 0.342729 0.556757 0.0106209 0.0486486
2 0.107026 0.545946 0.0212418 0.0378378
2 0.230392 0.545946 0.0212418 0.0378378
2 0.0861928 0.545946 0.0220588 0.0378378
2 0.209967 0.545946 0.0212418 0.0378378
2 0.147876 0.545946 0.0212418 0.0378378
10 0.852124 0.548649 0.00490196 0.0216216
2 0.360294 0.548649 0.00816993 0.0432432
10 0.833333 0.548649 0.00490196 0.0216216
2 0.352124 0.552703 0.00980392 0.0459459
2 0.168301 0.545946 0.0212418 0.0378378
2 0.189134 0.545946 0.0220588 0.0378378
2 0.127451 0.545946 0.0212418 0.0378378
2 0.065768 0.545946 0.0220588 0.0378378
5 0.435866 0.390541 0.0531046 0.354054
5 0.529412 0.335135 0.129085 0.67027
11 0.501634 0.560811 0.111111 0.132432
11 0.501634 0.655405 0.112745 0.240541
18 0.539624 0.445946 0.00571895 0.0648649
5 0.539216 0.493243 0.00163399 0.17027
5 0.606209 0.401351 0.0147059 0.316216
4 0.59232 0.524324 0.00653595 0.0756757
19 0.267565 0.537838 0.00898693 0.0432432
