10 0.360294 0.527027 0.0261438 0.0432432
2 0.384804 0.536486 0.00490196 0.0405405
2 0.388889 0.536486 0.00490196 0.0405405
7 0.65768 0.701351 0.0392157 0.0135135
19 0.331291 0.551351 0.0138889 0.0702703
10 0.365605 0.525676 0.0236928 0.0405405
20 0.61152 0.527027 0.0204248 0.0810811
20 0.614379 0.527027 0.0359477 0.0918919
2 0.332108 0.554054 0.00898693 0.0594595
2 0.341095 0.551351 0.00898693 0.0540541
2 0.22549 0.656757 0.0343137 0.151351
19 0.365605 0.545946 0.0122549 0.0378378
2 0.382353 0.566216 0.00653595 0.0621622
1 0.215278 0.482432 0.0874183 0.202703
2 0.263889 0.635135 0.0261438 0.12973
2 0.379902 0.539189 0.00490196 0.0405405
19 0.393791 0.537838 0.00980392 0.0324324
2 0.335376 0.593243 0.0122549 0.0891892
2 0.348856 0.548649 0.00816993 0.0540541
19 0.361111 0.548649 0.0130719 0.0378378
2 0.351716 0.583784 0.0106209 0.0756757
2 0.390114 0.560811 0.00571895 0.0567568
2 0.295343 0.616216 0.0187908 0.108108
2 0.171569 0.690541 0.0490196 0.186486
2 0.374183 0.57027 0.00816993 0.0648649
2 0.317402 0.602703 0.0155229 0.0972973
19 0.131127 0.559459 0.0367647 0.0594595
2 0.363971 0.575676 0.00898693 0.0702703
6 0.386029 0.790541 0.105392 0.218919
7 0.375817 0.648649 0.160131 0.0648649
6 0.44281 0.648649 0.0359477 0.0648649
6 0.460784 0.601351 0.0196078 0.0297297
7 0.417484 0.601351 0.0996732 0.0297297
7 0.499592 0.601351 0.0874183 0.0297297
1 0.8125 0.358108 0.283497 0.489189
7 0.239788 0.790541 0.384804 0.218919
7 0.5 0.648649 0.135621 0.0648649
8 0.580065 0.604054 0.0980392 0.0459459
8 0.34232 0.604054 0.120915 0.0459459
7 0.500408 0.790541 0.301471 0.218919
2 0.644608 0.57027 0.106209 0.0918919
8 0.148693 0.802703 0.297386 0.27027
8 0.621732 0.652703 0.158497 0.0891892
8 0.265931 0.652703 0.206699 0.0891892
8 0.756127 0.802703 0.379902 0.27027
5 0.522059 0.314865 0.0964052 0.62973
12 0.304739 0.548649 0.0441176 0.0810811
5 0.589461 0.418919 0.0122549 0.27027
20 0.35866 0.545946 0.0114379 0.0540541
19 0.633987 0.556757 0.0147059 0.0648649
12 0.104984 0.548649 0.0465686 0.0810811
2 0.351716 0.545946 0.0351307 0.0378378
19 0.63031 0.555405 0.0138889 0.0621622
12 0.377451 0.528378 0.0261438 0.0513514
12 0.064951 0.548649 0.0465686 0.0810811
12 0.0253268 0.548649 0.0473856 0.0810811
2 0.319444 0.545946 0.0359477 0.0378378
19 0.645833 0.562162 0.0155229 0.0702703
12 0.145016 0.548649 0.0465686 0.0810811
5 0.440359 0.405405 0.0473856 0.313514
19 0.640114 0.559459 0.0155229 0.0648649
20 0.663399 0.568919 0.0163399 0.0783784
18 0.530637 0.458108 0.00408497 0.0513514
5 0.530229 0.495946 0.00163399 0.137838
