19 0.778186 0.581081 0.0253268 0.0378378
7 0.696078 0.577027 0.184641 0.00810817 0.503268 0.67027 0.176471 0.108108
7 0.723856 0.587838 0.214052 0.0135135
7 0.835376 0.577027 0.159314 0.00810811
7 0.880719 0.587838 0.186275 0.0135135
7 0.5625 0.598649 0.211601 0.0351351
7 0.456291 0.555405 0.0531046 0.0135135
19 0.964052 0.581081 0.0228758 0.0378378
8 0.913807 0.602703 0.172386 0.0324324
7 0.502451 0.555405 0.0490196 0.0135135
7 0.351716 0.67027 0.211601 0.108108
7 0.419935 0.598649 0.101307 0.0351351
8 0.769608 0.57973 0.444444 0.0513514
7 0.544526 0.571622 0.147876 0.0189189
7 0.443219 0.571622 0.0694444 0.0189189
19 0.622958 0.504054 0.0138889 0.105405
19 0.609886 0.481081 0.0285948 0.172973
19 0.869281 0.581081 0.0245098 0.0378378
8 0.245098 0.67027 0.328431 0.189189

8 0.674428 0.571622 0.223039 0.0405405
6 0.314134 0.862162 0.223039 0.275676
2 0.964869 0.585135 0.0375817 0.0675676
12 0.294118 0.578378 0.0261438 0.0594595
2 0.928513 0.585135 0.0383987 0.0675676
12 0.270833 0.587838 0.0318627 0.0675676
2 0.78268 0.585135 0.0375817 0.0675676
2 0.746732 0.585135 0.0375817 0.0675676
2 0.892157 0.585135 0.0375817 0.0675676
2 0.67402 0.585135 0.0375817 0.0675676
2 0.855392 0.585135 0.0375817 0.0675676
2 0.819444 0.585135 0.0375817 0.0675676
2 0.709967 0.585135 0.0375817 0.0675676
12 0.392565 0.539189 0.00898693 0.0297297
5 0.805556 0.383784 0.0392157 0.383784
12 0.398284 0.537838 0.00735294 0.027027
12 0.32884 0.564865 0.0187908 0.0486486
5 0.410539 0.352703 0.0727124 0.483784
12 0.379902 0.544595 0.00980392 0.0351351
12 0.312908 0.57027 0.0228758 0.0540541
12 0.363562 0.551351 0.0130719 0.0378378
12 0.386438 0.543243 0.00980392 0.0324324
12 0.353758 0.555405 0.0147059 0.0405405
12 0.34232 0.559459 0.0163399 0.0432432
12 0.372141 0.547297 0.0122549 0.0351351
18 0.568219 0.414865 0.00898693 0.105405
5 0.508578 0.417568 0.0400327 0.267568
5 0.431373 0.494595 0.00163399 0.118919
5 0.566993 0.491892 0.00326797 0.27027
5 0.655229 0.495946 0.00163399 0.143243
19 0.874183 0.559459 0.0163399 0.0648649
18 0.658497 0.454054 0.00653595 0.0540541
