1 0.784722 0.358108 0.0155229 0.0405405
1 0.897467 0.378378 0.0220588 0.0594595
3 0.638072 0.559459 0.0277778 0.0108108
20 0.627042 0.524324 0.0236928 0.0648649
19 0.803922 0.591892 0.0375817 0.00540541
19 0.648284 0.477027 0.0416667 0.240541
20 0.636029 0.544595 0.00571895 0.0243243
7 0.562908 0.605405 0.218954 0.0378378
7 0.413807 0.605405 0.107026 0.0378378
20 0.632353 0.544595 0.00653595 0.0297297
7 0.439542 0.575676 0.0735294 0.0216216
19 0.660539 0.509459 0.0187908 0.143243
2 0.847631 0.677027 0.0759804 0.137838
7 0.500408 0.575676 0.0661765 0.0216216
8 0.349265 0.604054 0.159314 0.0837838
8 0.723039 0.594595 0.29085 0.0540541
10 0.813317 0.301351 0.147876 0.602703
7 0.612745 0.672973 0.393791 0.0972973
7 0.45384 0.559459 0.0514706 0.0108108
8 0.690359 0.590541 0.334967 0.0567568
7 0.353758 0.671622 0.199346 0.0945946
12 0.375 0.55 0.0114379 0.0351351
05405

12 0.347631 0.559459 0.0155229 0.0432432
12 0.227941 0.606757 0.0424837 0.0837838
12 0.131127 0.644595 0.0743464 0.116216
5 0.934232 0.333784 0.0759804 0.559459
12 0.38848 0.544595 0.00898693 0.0297297
12 0.30433 0.577027 0.0236928 0.0567568
12 0.367239 0.551351 0.0122549 0.0378378
12 0.0522876 0.677027 0.104575 0.148649
12 0.335376 0.563514 0.0171569 0.0459459
12 0.381944 0.545946 0.0106209 0.0324324
5 0.345997 0.332432 0.123366 0.664865
18 0.718137 0.440541 0.00980392 0.0756757
18 0.644199 0.318919 0.0220588 0.232432
12 0.258987 0.593243 0.0343137 0.072973
5 0.508578 0.397297 0.0514706 0.345946
5 0.406863 0.497297 0.00163399 0.156757
11 0.938317 0.559459 0.123366 0.118919
5 0.640114 0.487838 0.00735294 0.581081
5 0.713235 0.497297 0.00326797 0.2
18 0.40768 0.454054 0.00490196 0.0594595
