19 0.594363 0.581081 0.0285948 0.0378378
19 0.614788 0.598649 0.0367647 0.0459459
19 0.165033 0.67973 0.191176 0.197297
19 0.569036 0.559459 0.0204248 0.027027
7 0.387663 0.635135 0.142974 0.0540541
7 0.288399 0.740541 0.300654 0.156757
6 0.476716 0.559459 0.00898693 0.0108108
6 0.447712 0.633784 0.0310458 0.0513514
6 0.471814 0.572973 0.0122549 0.0162162
7 0.422794 0.594595 0.0923203 0.027027
1 0.884395 0.489189 0.231209 0.72973
7 0.5 0.559459 0.0490196 0.0108108
7 0.441585 0.572973 0.0678105 0.0162162
6 0.406046 0.740541 0.0784314 0.156757
7 0.452614 0.559459 0.0539216 0.0108108
19 0.579248 0.567568 0.0245098 0.0324324
6 0.196078 0.909459 0.392157 0.181081
8 0.196487 0.741892 0.392974 0.37027
19 0.32067 0.610811 0.0400327 0.0108108
6 0.463235 0.594595 0.0179739 0.027027
7 0.5 0.594595 0.0816993 0.027027
8 0.408088 0.559459 0.0612745 0.0216216
1 0.267157 0.156757 0.151961 0.151351
8 0.386846 0.572973 0.0792484 0.027027
8 0.287582 0.637838 0.181373 0.0756757
8 0.158905 0.75 0.31781 0.197297
10 0.381944 0.289189 0.0808824 0.578378
10 0.319444 0.309459 0.0915033 0.618919
7 0.500408 0.740541 0.241013 0.156757
8 0.708333 0.75 0.297386 0.197297
2 0.781046 0.614865 0.0277778 0.1
7 0.499592 0.572973 0.0612745 0.0162162
8 0.352941 0.595946 0.111111 0.0405405
7 0.5 0.635135 0.122549 0.0540541
2 0.756944 0.604054 0.0236928 0.0891892
2 0.651961 0.560811 0.00816993 0.0513514
2 0.704248 0.582432 0.0147059 0.0675676
2 0.691176 0.578378 0.0130719 0.0648649
2 0.679739 0.572973 0.0114379 0.0594595
2 0.73652 0.595946 0.0204248 0.0837838
2 0.719363 0.589189 0.0171569 0.0756757
2 0.660131 0.564865 0.00980392 0.0540541
2 0.669526 0.568919 0.0106209 0.0567568
2 0.631536 0.552703 0.00653595 0.0459459
2 0.626225 0.55 0.00571895 0.0405405
2 0.621324 0.547297 0.00571895 0.0405405
2 0.644608 0.558108 0.00816993 0.0459459
2 0.638072 0.555405 0.00653595 0.0459459
19 0.683824 0.743243 0.0506536 0.264865
2 0.600899 0.540541 0.00408497 0.0324324
1 0.143382 0.367568 0.286765 0.486486
2 0.591503 0.536486 0.00326797 0.0297297
5 0.547794 0.454054 0.304739 0.908108
2 0.597222 0.537838 0.00326797 0.0324324
19 0.547386 0.558108 0.00980392 0.0621622
5 0.392974 0.324324 0.0882353 0.578378
2 0.593954 0.537838 0.00326797 0.0324324
2 0.616422 0.545946 0.00571895 0.0378378
2 0.604167 0.541892 0.00408497 0.0351351
2 0.611928 0.544595 0.00490196 0.0351351
2 0.607843 0.541892 0.00490196 0.0351351
4 0.604984 0.52973 0.00735294 0.0972973
4 0.550654 0.52973 0.00816993 0.102703
