10 0.29902 0.424324 0.0571895 0.432432
19 0.589869 0.577027 0.0277778 0.0351351
19 0.921569 0.87973 0.156863 0.240541
19 0.559232 0.55 0.0171569 0.0243243
10 0.405229 0.460811 0.0245098 0.197297
19 0.576797 0.566216 0.0228758 0.0297297
19 0.566585 0.556757 0.0204248 0.027027
19 0.42933 0.537838 0.00408497 0.0324324
19 0.367239 0.581081 0.0269608 0.00540541
7 0.5 0.566216 0.0555556 0.0135135
7 0.5 0.555405 0.0457516 0.00810811
7 0.431373 0.583784 0.0816993 0.0216216
6 0.474265 0.566216 0.0106209 0.0135135
19 0.363562 0.543243 0.00980392 0.0324324
7 0.446078 0.566216 0.0620915 0.0135135
7 0.404003 0.614865 0.118464 0.0405405
19 0.739379 0.608108 0.0457516 0.140541
1 0.1875 0.293243 0.0285948 0.072973
6 0.455065 0.614865 0.0245098 0.0405405
7 0.341503 0.685135 0.214052 0.1
19 0.299428 0.624324 0.0465686 0.0108108
8 0.395833 0.568919 0.0710784 0.0243243
6 0.46732 0.583784 0.0147059 0.0216216
6 0.428513 0.685135 0.0514706 0.1
7 0.455882 0.555405 0.0490196 0.00810811
7 0.5 0.583784 0.0735294 0.0216216
20 0.366422 0.52973 0.0106209 0.0432432
7 0.500408 0.685135 0.177288 0.1
19 0.334559 0.554054 0.0138889 0.0378378
6 0.290033 0.867568 0.263072 0.264865
7 0.5 0.614865 0.102941 0.0405405
10 0.360703 0.435135 0.0776144 0.2
10 0.330065 0.432432 0.0980392 0.243243
10 0.35866 0.439189 0.0784314 0.197297
8 0.594363 0.618919 0.11683 0.0594595
10 0.363562 0.295946 0.0980392 0.591892
8 0.31781 0.618919 0.147059 0.0594595
8 0.367647 0.586486 0.0964052 0.0378378
8 0.56781 0.586486 0.0800654 0.0378378
8 0.656863 0.691892 0.212418 0.12973
8 0.20384 0.691892 0.285131 0.12973
2 0.660539 0.560811 0.00898693 0.0513514
2 0.645016 0.555405 0.00735294 0.0459459
2 0.701389 0.578378 0.0138889 0.0648649
2 0.669118 0.564865 0.00980392 0.0540541
2 0.638889 0.552703 0.00653595 0.0459459
2 0.916258 0.662162 0.0580065 0.145946
2 0.652778 0.558108 0.00816993 0.0459459
2 0.77165 0.605405 0.0253268 0.0918919
2 0.627859 0.547297 0.00571895 0.0405405
2 0.617647 0.544595 0.00490196 0.0351351
2 0.689134 0.572973 0.0122549 0.0594595
2 0.678513 0.568919 0.0106209 0.0567568
2 0.797386 0.614865 0.0294118 0.1
2 0.63317 0.55 0.00653595 0.0405405
2 0.867239 0.643243 0.0449346 0.124324
2 0.82884 0.628378 0.0367647 0.110811
2 0.970997 0.689189 0.0580065 0.172973
2 0.715686 0.583784 0.0163399 0.0702703
2 0.622549 0.545946 0.00490196 0.0378378
2 0.613562 0.541892 0.00490196 0.0351351
2 0.609886 0.541892 0.00408497 0.0351351
2 0.599265 0.537838 0.00408497 0.0324324
5 0.427288 0.381081 0.0588235 0.394595
2 0.605801 0.540541 0.00408497 0.0324324
5 0.520016 0.335135 0.126634 0.67027
19 0.422794 0.541892 0.00735294 0.0459459
19 0.538399 0.547297 0.00816993 0.0513514
2 0.602533 0.537838 0.00408497 0.0324324
