19 0.797794 0.759459 0.115196 0.151351

20 0.538399 0.52973 0.00816993 0.0432432
20 0.54902 0.527027 0.00816993 0.0432432
20 0.500817 0.527027 0.00816993 0.0432432
20 0.486111 0.528378 0.00816993 0.0459459
1 0.29085 0.301351 0.106209 0.116216
19 0.690359 0.664865 0.0653595 0.0864865
10 0.228758 0.531081 0.0555556 0.148649
20 0.439134 0.528378 0.00898693 0.0459459
7 0.318627 0.586486 0.0245098 0.00540541
1 0.29085 0.394595 0.106209 0.108108
20 0.551879 0.52973 0.00898693 0.0432432
20 0.565359 0.52973 0.00816993 0.0432432
20 0.48652 0.527027 0.00735294 0.0432432
7 0.176879 0.655405 0.0531046 0.0135135
20 0.473856 0.527027 0.00816993 0.0432432
20 0.422794 0.52973 0.00898693 0.0486486
20 0.446895 0.533784 0.00980392 0.0513514
20 0.426471 0.528378 0.00816993 0.0459459
20 0.544526 0.535135 0.0106209 0.0540541
20 0.462827 0.535135 0.00898693 0.0540541
20 0.560866 0.535135 0.0106209 0.0540541
20 0.412173 0.528378 0.00898693 0.0459459
20 0.430964 0.535135 0.0106209 0.0540541
20 0.444036 0.535135 0.0106209 0.0540541
20 0.551471 0.508108 0.0277778 0.0864865
20 0.541667 0.533784 0.00980392 0.0513514
20 0.527778 0.533784 0.00980392 0.0513514
20 0.446487 0.510811 0.0334967 0.102703
20 0.48652 0.509459 0.0269608 0.0891892
20 0.544935 0.510811 0.0343137 0.108108
20 0.423611 0.509459 0.0302288 0.0891892
2 0.645833 0.556757 0.00735294 0.0486486
19 0.596405 0.506757 0.0702614 0.154054
2 0.549428 0.555405 0.0220588 0.0513514
19 0.409314 0.55 0.00980392 0.0621622
19 0.228758 0.618919 0.0784314 0.102703
8 0.270425 0.6 0.392157 0.0378378
2 0.503676 0.555405 0.0220588 0.0513514
2 0.638889 0.554054 0.00653595 0.0432432
7 0.607026 0.662162 0.370915 0.0864865
7 0.252042 0.662162 0.406046 0.0864865
2 0.278186 0.555405 0.0220588 0.0513514
2 0.370915 0.555405 0.0228758 0.0513514
15 0.821487 0.601351 0.357026 0.164865
7 0.560049 0.609459 0.209967 0.0189189
2 0.325572 0.555405 0.0220588 0.0513514
2 0.415033 0.555405 0.0228758 0.0513514
2 0.986111 0.716216 0.0277778 0.2
2 0.884804 0.659459 0.0522876 0.140541
2 0.601716 0.537838 0.00408497 0.0324324
2 0.594771 0.536486 0.00326797 0.0297297
2 0.840686 0.640541 0.0408497 0.124324
2 0.941585 0.682432 0.0678105 0.164865
2 0.627042 0.55 0.00571895 0.0405405
2 0.63317 0.551351 0.00653595 0.0432432
2 0.622141 0.547297 0.00571895 0.0405405
2 0.60866 0.541892 0.00490196 0.0351351
2 0.604984 0.540541 0.00408497 0.0324324
2 0.598039 0.537838 0.00326797 0.0324324
18 0.0861928 0.409459 0.0187908 0.110811
5 0.0367647 0.336486 0.0735294 0.537838
5 0.274101 0.358108 0.167484 0.716216
5 0.681373 0.493243 0.00326797 0.197297
5 0.616013 0.485135 0.00653595 0.521622
18 0.686275 0.437838 0.00980392 0.0756757
18 0.618873 0.336486 0.0220588 0.208108
5 0.136029 0.32027 0.0808824 0.640541
5 0.691176 0.336486 0.0375817 0.537838
19 0.746324 0.813514 0.0710784 0.345946
5 0.0935458 0.490541 0.00571895 0.294595
