19 0.798611 0.586486 0.0367647 0.00540541
 0.658088 0.505405 0.0187908 0.140541
7 0.41585 0.601351 0.104575 0.0351351
8 0.687092 0.585135 0.328431 0.0567568
2 0.831699 0.666216 0.0718954 0.132432

19 0.646242 0.474324 0.0408497 0.235135
8 0.352533 0.598649 0.154412 0.0837838
20 0.631127 0.541892 0.00571895 0.0297297
12 0.288807 0.57973 0.0269608 0.0621622
5 0.50817 0.397297 0.0506536 0.340541
12 0.383578 0.543243 0.00898693 0.0324324
12 0.144199 0.636486 0.0694444 0.110811
12 0.324346 0.566216 0.0196078 0.0513514
12 0.235294 0.6 0.0408497 0.0810811
12 0.308415 0.571622 0.0220588 0.0567568
12 0.265114 0.589189 0.0334967 0.0702703
11 0.935458 0.555405 0.129085 0.127027
18 0.636846 0.327027 0.0204248 0.221622
12 0.395425 0.539189 0.00816993 0.0297297
5 0.350899 0.328378 0.120098 0.656757


12 0.368873 0.548649 0.0122549 0.0378378
5 0.408497 0.494595 0.00163399 0.156757
12 0.338235 0.560811 0.0163399 0.0459459
12 0.390114 0.540541 0.00898693 0.0324324
5 0.633578 0.485135 0.00735294 0.548649
5 0.926062 0.335135 0.0727124 0.545946
