20 0.414624 0.528378 0.00898693 0.0459459
7 0.200572 0.643243 0.0482026 0.0108108
20 0.424428 0.528378 0.00898693 0.0459459
20 0.486928 0.525676 0.00816993 0.0405405
20 0.501225 0.527027 0.00735294 0.0432432
10 0.248775 0.528378 0.0498366 0.137838
19 0.323938 0.512162 0.0122549 0.0837838
20 0.474265 0.527027 0.00735294 0.0432432
19 0.951797 0.901351 0.0964052 0.197297
20 0.550654 0.52973 0.00816993 0.0432432
20 0.464052 0.533784 0.00980392 0.0513514
20 0.537173 0.528378 0.00735294 0.0405405
20 0.563725 0.528378 0.00816993 0.0405405
19 0.673203 0.648649 0.0588235 0.0756757
19 0.75817 0.724324 0.0964052 0.124324
7 0.326389 0.583784 0.0236928 0.00540541
20 0.441176 0.528378 0.00816993 0.0459459
20 0.486111 0.527027 0.00816993 0.0432432
20 0.425654 0.508108 0.0294118 0.0864865
20 0.433007 0.533784 0.00980392 0.0513514
20 0.543709 0.510811 0.0334967 0.102703
20 0.542892 0.533784 0.0106209 0.0513514
20 0.526961 0.533784 0.00980392 0.0513514
20 0.486928 0.508108 0.0261438 0.0864865
20 0.558824 0.533784 0.00980392 0.0513514
20 0.540441 0.531081 0.00898693 0.0513514
20 0.448529 0.532432 0.00980392 0.0486486
2 0.375817 0.552703 0.0212418 0.0459459
20 0.448529 0.510811 0.0326797 0.102703
2 0.418301 0.552703 0.0212418 0.0459459
20 0.44567 0.535135 0.0106209 0.0540541
2 0.332516 0.552703 0.0212418 0.0459459
2 0.286765 0.552703 0.0212418 0.0459459
19 0.59232 0.506757 0.0669935 0.148649
2 0.503676 0.552703 0.0220588 0.0459459
7 0.272876 0.65 0.369281 0.0783784
7 0.55719 0.602703 0.199346 0.0162162
19 0.41299 0.548649 0.00898693 0.0594595
2 0.547386 0.552703 0.0212418 0.0459459
2 0.628268 0.55 0.00653595 0.0405405
2 0.633987 0.551351 0.00653595 0.0432432
15 0.818627 0.593243 0.362745 0.148649
2 0.622958 0.547297 0.00571895 0.0405405
19 0.248775 0.609459 0.0710784 0.0945946
8 0.280637 0.595946 0.375 0.0351351
7 0.597631 0.65 0.339052 0.0783784
8 0.0731209 0.591892 0.146242 0.027027
2 0.640114 0.554054 0.00735294 0.0432432
2 0.618056 0.545946 0.00571895 0.0378378
2 0.598856 0.537838 0.00326797 0.0324324
2 0.602124 0.539189 0.00326797 0.0351351
2 0.609477 0.541892 0.00490196 0.0351351
2 0.992647 0.722973 0.0147059 0.208108
2 0.953431 0.687838 0.0718954 0.17027
2 0.847222 0.643243 0.0424837 0.124324
2 0.613562 0.543243 0.00490196 0.0378378
5 0.29616 0.347297 0.151144 0.694595
5 0.68219 0.344595 0.0343137 0.510811
18 0.112337 0.414865 0.0171569 0.105405
5 0.158088 0.316216 0.0727124 0.632432
19 0.699755 0.752703 0.0547386 0.278378
2 0.811275 0.628378 0.0343137 0.110811
2 0.595588 0.536486 0.00326797 0.0297297
5 0.056781 0.344595 0.0710784 0.510811
5 0.119281 0.491892 0.00490196 0.275676
18 0.605392 0.354054 0.0196078 0.183784
5 0.60335 0.486486 0.00571895 0.464865
5 0.673611 0.494595 0.00245098 0.189189
18 0.678105 0.441892 0.00980392 0.072973
