19 0.947712 0.558108 0.0294118 0.0297297
1 0.646242 0.313514 0.0555556 0.113514
19 0.350899 0.586486 0.0155229 0.0756757
7 0.493873 0.578378 0.0220588 0.00540541
19 0.375817 0.571622 0.0114379 0.0621622
19 0.340278 0.593243 0.0171569 0.0783784
3 0.435458 0.586486 0.0326797 0.0108108
19 0.38031 0.567568 0.00571895 0.0540541
7 0.823938 0.648649 0.0367647 0.00540541
3 0.124183 0.614865 0.0718954 0.0243243
20 0.309232 0.537838 0.0334967 0.0324324
19 0.368873 0.575676 0.0122549 0.0648649
8 0.260621 0.622973 0.0964052 0.0621622
19 0.360703 0.581081 0.0138889 0.0702703
3 0.27165 0.591892 0.0498366 0.0162162
19 0.991422 0.55 0.0155229 0.0621622
19 0.879902 0.5 0.0179739 0.12973
19 0.327614 0.6 0.0196078 0.0864865
19 0.0249183 0.558108 0.0367647 0.072973
19 0.285539 0.558108 0.0269608 0.072973
19 0.200572 0.582432 0.0416667 0.105405
19 0.841912 0.512162 0.0171569 0.105405
19 0.861928 0.513514 0.0163399 0.102703
7 0.359886 0.658108 0.183824 0.0837838
19 0.897876 0.536486 0.0130719 0.0567568
7 0.556781 0.598649 0.209967 0.0351351
7 0.4375 0.57027 0.0710784 0.0216216
7 0.496324 0.556757 0.0465686 0.0108108
7 0.413807 0.598649 0.102124 0.0351351
8 0.67933 0.583784 0.321078 0.0540541
7 0.825163 0.62973 0.331699 0.027027
7 0.497141 0.57027 0.0645425 0.0216216
19 0.90768 0.536486 0.0130719 0.0567568
2 0.832925 0.675676 0.273693 0.205405
8 0.150735 0.616216 0.301471 0.0594595
8 0.351716 0.597297 0.151144 0.0810811
7 0.600899 0.659459 0.363562 0.0864865
6 0.947304 0.614865 0.105392 0.0027027
7 0.767157 0.606757 0.26634 0.0189189
1 0.706699 0.248649 0.26634 0.216216
1 0.708333 0.52027 0.26634 0.0891892
3
1 0.706699 0.144595 0.26634 0.267568
1 0.706699 0.248649 0.26634 0.216216
2 0.993056 0.621622 0.0138889 0.0972973
19 0.731209 0.506757 0.0718954 0.143243
1 0.706699 0.354054 0.26634 0.167568
5 0.0204248 0.427027 0.0408497 0.405405
2 0.962418 0.621622 0.0522876 0.0972973
1 0.706699 0.354054 0.26634 0.167568
1 0.708333 0.102703 0.263072 0.189189
2 0.861111 0.622973 0.0522876 0.0945946
1 0.708333 0.475676 0.254902 0.162162
1 0.708333 0.52027 0.26634 0.0891892
1 0.706699 0.144595 0.26634 0.267568
2 0.911765 0.622973 0.0522876 0.0945946
1 0.708333 0.475676 0.254902 0.162162
2 0.810458 0.622973 0.0522876 0.0945946
1 0.708333 0.102703 0.263072 0.189189
2 0.0821078 0.621622 0.0531046 0.0972973
2 0.133578 0.62027 0.0531046 0.0945946
2 0.13317 0.633784 0.0539216 0.121622
2 0.0196078 0.691892 0.0392157 0.183784
2 0.00326797 0.621622 0.00653595 0.0972973
2 0.0718954 0.659459 0.0735294 0.145946
2 0.0306373 0.621622 0.0531046 0.0972973
5 0.61683 0.485135 0.00653595 0.537838
12 0.709967 0.52973 0.0375817 0.0702703
12 0.776961 0.52973 0.0392157 0.0702703
12 0.977941 0.52973 0.0408497 0.0702703
5 0.329248 0.340541 0.138889 0.681081
5 0.4375 0.404054 0.0482026 0.316216
12 0.743056 0.52973 0.0383987 0.0702703
12 0.843954 0.52973 0.0392157 0.0702703
19 0.597222 0.545946 0.00980392 0.0540541
5 0.714869 0.318919 0.0522876 0.637838
5 0.685049 0.494595 0.00245098 0.194595
18 0.689542 0.439189 0.00980392 0.072973
12 0.810458 0.52973 0.0392157 0.0702703
5 0.984477 0.337838 0.0310458 0.535135
18 0.61969 0.32973 0.0204248 0.216216
12 0.910539 0.52973 0.0400327 0.0702703
12 0.944036 0.52973 0.0400327 0.0702703
5 0.402778 0.495946 0.00163399 0.154054
18 0.403595 0.451351 0.00490196 0.0594595
5 0.526961 0.524324 0.00163399 0.0972973
9 0.527369 0.487838 0.00898693 0.0297297
