19 0.958742 0.840541 0.0825163 0.216216
0 0.391748 0.451351 0.113562 0.0378378
19 0.789624 0.639189 0.0563725 0.0675676
19 0.75531 0.609459 0.0416667 0.0513514
19 0.854984 0.7 0.0890523 0.108108
19 0.697712 0.555405 0.0196078 0.0243243
19 0.691585 0.55 0.0171569 0.0189189
1 0.298203 0.331081 0.0245098 0.0783784

19 0.297794 0.693243 0.0776144 0.0297297
6 0.61152 0.556757 0.00898693 0.0108108
1 0.150735 0.222973 0.0334967 0.0783784
1 0.488562 0.386486 0.0130719 0.0324324
6 0.585376 0.612162 0.0253268 0.0351351
6 0.558007 0.671622 0.0506536 0.0837838
6 0.606209 0.566216 0.0114379 0.0135135
6 0.598448 0.583784 0.0155229 0.0216216
8 0.732435 0.627027 0.128268 0.0702703
7 0.627042 0.682432 0.172386 0.105405
7 0.538807 0.609459 0.110294 0.0405405
7 0.48652 0.666216 0.18219 0.0891892
7 0.629902 0.617568 0.104575 0.0459459
7 0.633578 0.556757 0.0482026 0.0108108
8 0.689951 0.572973 0.0661765 0.027027
7 0.631536 0.586486 0.0751634 0.027027
7 0.57884 0.566216 0.0612745 0.0135135
7 0.588644 0.556757 0.0498366 0.0108108
7 0.564134 0.582432 0.0792484 0.0243243
8 0.378676 0.659459 0.211601 0.102703
10 0.285948 0.377027 0.303922 0.754054
8 0.79902 0.706757 0.235294 0.154054
20 0.258987 0.204054 0.315359 0.0837838
7 0.632761 0.57027 0.0580065 0.0162162
2 0.757353 0.548649 0.00490196 0.0378378
2 0.839461 0.582432 0.0138889 0.0675676
2 0.766748 0.552703 0.00571895 0.0405405
2 0.931373 0.62027 0.0277778 0.1
2 0.828023 0.577027 0.0122549 0.0621622
2 0.868464 0.594595 0.0179739 0.0756757
2 0.772059 0.555405 0.00653595 0.0405405
2 0.987745 0.647297 0.0245098 0.121622
2 0.808007 0.57027 0.00980392 0.0540541
2 0.960784 0.632432 0.0343137 0.108108
2 0.85335 0.587838 0.0155229 0.0675676
2 0.761846 0.551351 0.00571895 0.0378378
10 0.512663 0.313514 0.0629085 0.524324
2 0.778186 0.556757 0.00735294 0.0432432
2 0.906863 0.609459 0.0245098 0.0891892
2 0.791667 0.562162 0.00816993 0.0486486
2 0.817402 0.572973 0.0106209 0.0594595
2 0.799428 0.566216 0.00898693 0.0513514
2 0.886029 0.601351 0.0204248 0.0837838
2 0.784722 0.560811 0.00735294 0.0459459
11 0.487745 0.598649 0.111111 0.208108
5 0.120098 0.472973 0.0147059 0.767568
2 0.748775 0.544595 0.00408497 0.0351351
5 0.643382 0.378378 0.0629085 0.410811
2 0.741422 0.543243 0.00408497 0.0324324
5 0.476307 0.332432 0.117647 0.664865
19 0.662582 0.536486 0.00653595 0.0351351
19 0.533497 0.545946 0.00816993 0.0486486
19 0.727941 0.627027 0.0245098 0.135135
2 0.745507 0.544595 0.00408497 0.0351351
2 0.752859 0.547297 0.00408497 0.0351351
18 0.137663 0.266216 0.0449346 0.294595
