19 0.61152 0.595946 0.0351307 0.0459459
19 0.64134 0.621622 0.0457516 0.0594595
19 0.591503 0.577027 0.0277778 0.0351351
10 0.386846 0.454054 0.0236928 0.237838
10 0.323121 0.427027 0.0449346 0.372973
19 0.549837 0.541892 0.0147059 0.0189189
1 0.272059 0.371622 0.0179739 0.0513514
1 0.308824 0.345946 0.0130719 0.0540541
19 0.578023 0.566216 0.0236928 0.0297297
1 0.335784 0.406757 0.0147059 0.0351351
20 0.326797 0.568919 0.0228758 0.1
838
20 0.285131 0.594595 0.0310458 0.140541
20 0.0870098 0.595946 0.0302288 0.137838
20 0.0298203 0.710811 0.0596405 0.313514
20 0.151552 0.578378 0.0253268 0.113514
20 0.0261438 0.609459 0.0392157 0.159459
20 0.261846 0.575676 0.0253268 0.108108
20 0.308415 0.577027 0.0253268 0.110811
20 0.0416667 0.593243 0.0326797 0.137838
20 0.110294 0.586486 0.0277778 0.124324
20 0.152778 0.587838 0.0294118 0.127027
1 0.194444 0.32973 0.0277778 0.0702703
20 0.197712 0.606757 0.0343137 0.154054
20 0.0494281 0.662162 0.0547386 0.237838
20 0.252451 0.609459 0.0359477 0.159459
20 0.127859 0.666216 0.0514706 0.245946
20 0.189951 0.578378 0.0253268 0.113514
6 0.473448 0.568919 0.0106209 0.0135135
20 0.291258 0.568919 0.0236928 0.1
19 0.324755 0.609459 0.0383987 0.00810811
20 0.068219 0.57027 0.136438 0.605405
20 0.151961 0.528378 0.0898693 0.251351
19 0.386438 0.57027 0.0228758 0.00540541
20 0.295343 0.524324 0.0825163 0.216216
6 0.466095 0.587838 0.0155229 0.0243243
6 0.206291 0.881081 0.412582 0.237838
6 0.42116 0.701351 0.0596405 0.116216
6 0.452614 0.621622 0.0261438 0.0432432
20 0.244281 0.535135 0.111111 0.308108
8 0.600082 0.625676 0.125 0.0621622
8 0.362337 0.589189 0.102124 0.0378378
8 0.30719 0.625676 0.158497 0.0621622
8 0.17402 0.709459 0.325163 0.148649
8 0.57067 0.589189 0.0841503 0.0378378
7 0.499592 0.568919 0.0580065 0.0135135
7 0.428105 0.587838 0.0849673 0.0243243
10 0.414216 0.4 0.0310458 0.308108
7 0.444444 0.568919 0.0637255 0.0135135
8 0.392565 0.57027 0.0743464 0.027027
7 0.398693 0.622973 0.127451 0.0459459
7 0.5 0.622973 0.109477 0.0459459
7 0.500408 0.704054 0.196895 0.116216
7 0.5 0.556757 0.0473856 0.0108108
8 0.673203 0.709459 0.238562 0.148649
7 0.454657 0.556757 0.0514706 0.0108108
7 0.5 0.587838 0.0751634 0.0243243
7 0.324755 0.704054 0.241013 0.116216
2 0.761438 0.605405 0.0245098 0.0918919

2 0.601716 0.540541 0.00408497 0.0324324
2 0.639297 0.555405 0.00735294 0.0459459
2 0.740605 0.597297 0.0204248 0.0810811
2 0.646242 0.559459 0.00816993 0.0486486
2 0.617647 0.545946 0.00490196 0.0378378
2 0.612745 0.544595 0.00490196 0.0351351
2 0.604984 0.541892 0.00408497 0.0351351
2 0.67116 0.568919 0.0106209 0.0567568
2 0.722222 0.589189 0.0179739 0.0756757
2 0.662173 0.564865 0.00898693 0.0540541
2 0.63317 0.552703 0.00653595 0.0459459
2 0.627451 0.551351 0.00653595 0.0432432
2 0.654003 0.560811 0.00898693 0.0513514
2 0.622141 0.547297 0.00571895 0.0405405
2 0.598039 0.537838 0.00326797 0.0324324
2 0.693627 0.578378 0.0130719 0.0648649
2 0.594771 0.537838 0.00326797 0.0324324
2 0.707108 0.583784 0.0155229 0.0702703
2 0.786356 0.616216 0.0285948 0.102703
2 0.681781 0.572973 0.0122549 0.0594595
2 0.59232 0.536486 0.00326797 0.0297297
5 0.530637 0.402703 0.227941 0.805405
19 0.555147 0.568919 0.0122549 0.072973
5 0.50531 0.405405 0.0465686 0.313514
5 0.408905 0.35 0.0743464 0.494595
1 0.242239 0.401351 0.214869 0.348649
