19 0.571078 0.559459 0.0212418 0.027027
19 0.582108 0.57027 0.0253268 0.0324324
19 0.562092 0.552703 0.0179739 0.0243243
7 0.293709 0.735135 0.291667 0.151351

7 0.389297 0.632432 0.139706 0.0540541

8 0.408497 0.559459 0.0604575 0.0216216
6 0.448529 0.632432 0.0310458 0.0540541
7 0.423611 0.593243 0.0906863 0.0243243

7 0.441993 0.572973 0.0669935 0.0162162
7 0.499592 0.572973 0.0612745 0.0162162
19 0.314951 0.595946 0.0759804 0.0945946
1 0.707516 0.494595 0.119281 0.335135
7 0.500408 0.735135 0.234477 0.151351
1 0.803513 0.512162 0.223039 0.445946
19 0.370098 0.581081 0.0261438 0.00540541
7 0.499592 0.593243 0.0808824 0.0243243
6 0.197712 0.905405 0.395425 0.189189
7 0.5 0.559459 0.0490196 0.0108108
8 0.574346 0.595946 0.0898693 0.0405405
8 0.290441 0.636486 0.177288 0.072973
19 0.0277778 0.555405 0.0555556 0.3
7 0.5 0.632432 0.120915 0.0540541
8 0.387663 0.572973 0.0776144 0.027027
8 0.556781 0.572973 0.0661765 0.027027
6 0.463644 0.591892 0.0171569 0.027027
5 0.0853758 0.598649 0.00735294 0.0567568
5 0.160948 0.57973 0.00490196 0.0459459
8 0.703023 0.743243 0.288399 0.189189
2 0.91299 0.67027 0.0596405 0.151351
10 0.405637 0.281081 0.0629085 0.562162
2 0.969771 0.698649 0.0604575 0.181081
10 0.369281 0.294595 0.0620915 0.578378
8 0.160131 0.743243 0.320261 0.189189
8 0.60866 0.636486 0.138889 0.072973
2 0.633987 0.554054 0.00653595 0.0432432
2 0.601716 0.540541 0.00408497 0.0324324
5 0.520425 0.336486 0.129085 0.672973
2 0.595588 0.537838 0.00326797 0.0324324
2 0.609477 0.543243 0.00490196 0.0378378
2 0.862745 0.648649 0.0457516 0.12973
2 0.663399 0.566216 0.00980392 0.0567568
2 0.59232 0.536486 0.00326797 0.0297297
2 0.655229 0.562162 0.00816993 0.0540541
2 0.628676 0.551351 0.00571895 0.0432432
5 0.422794 0.372973 0.0629085 0.416216
2 0.622958 0.55 0.00571895 0.0405405
2 0.673203 0.57027 0.0114379 0.0594595
2 0.618464 0.547297 0.00490196 0.0405405
2 0.598448 0.537838 0.00408497 0.0324324
2 0.640931 0.555405 0.00735294 0.0459459
2 0.647467 0.559459 0.00735294 0.0486486
2 0.605801 0.541892 0.00408497 0.0351351
2 0.613562 0.545946 0.00490196 0.0378378
4 0.463644 0.52027 0.00408497 0.0621622
19 0.582516 0.608108 0.0196078 0.113514
1 0.214052 0.402703 0.228758 0.356757
19 0.536356 0.544595 0.00735294 0.0459459
