19 0.318627 0.516216 0.0130719 0.08648619 0.799428 0.762162 0.11683 0.151351
10 0.227941 0.532432 0.0555556 0.151351

1 0.290441 0.302703 0.107026 0.118919
20 0.422794 0.531081 0.00898693 0.0459459
20 0.538399 0.52973 0.00816993 0.0432432
20 0.549428 0.52973 0.00898693 0.0432432
20 0.501225 0.528378 0.00735294 0.0459459
20 0.565359 0.52973 0.00816993 0.0432432
20 0.48652 0.527027 0.00735294 0.0432432

20 0.486111 0.528378 0.00816993 0.0459459
7 0.176471 0.656757 0.0539216 0.0162162

2 0.370507 0.556757 0.0220588 0.0486486
20 0.426471 0.52973 0.00816993 0.0432432
2 0.325163 0.556757 0.0228758 0.0486486
2 0.504085 0.556757 0.0228758 0.0486486
20 0.462827 0.536486 0.00898693 0.0513514
20 0.544935 0.512162 0.0343137 0.105405
20 0.541667 0.533784 0.00980392 0.0513514
20 0.412173 0.531081 0.00898693 0.0459459
20 0.48652 0.509459 0.0269608 0.0891892
20 0.446895 0.536486 0.00980392 0.0513514
2 0.414624 0.556757 0.0220588 0.0486486
2 0.549428 0.556757 0.0220588 0.0486486
7 0.607435 0.663514 0.373366 0.0891892
20 0.430964 0.536486 0.0106209 0.0513514
20 0.446487 0.512162 0.0334967 0.105405
20 0.423611 0.509459 0.0302288 0.0891892
20 0.560866 0.535135 0.0106209 0.0540541
20 0.544526 0.536486 0.0106209 0.0567568
20 0.527778 0.535135 0.00980392 0.0540541
2 0.277778 0.556757 0.0228758 0.0486486
20 0.444036 0.537838 0.0106209 0.0540541
7 0.251225 0.663514 0.40768 0.0891892
7 0.560458 0.609459 0.210784 0.0189189
2 0.59518 0.537838 0.00408497 0.0324324
2 0.622141 0.548649 0.00571895 0.0378378
2 0.601716 0.540541 0.00408497 0.0324324
2 0.63317 0.552703 0.00653595 0.0405405
2 0.598448 0.539189 0.00408497 0.0297297
2 0.627451 0.55 0.00653595 0.0405405
15 0.821487 0.602703 0.357026 0.162162
8 0.270016 0.601351 0.392974 0.0351351
2 0.609069 0.543243 0.00408497 0.0324324
19 0.409314 0.551351 0.00980392 0.0648649
2 0.645833 0.558108 0.00735294 0.0459459
2 0.604984 0.541892 0.00408497 0.0351351
19 0.227941 0.62027 0.0784314 0.1
2 0.639297 0.555405 0.00735294 0.0459459
19 0.596405 0.509459 0.0702614 0.154054
19 0.748366 0.817568 0.0718954 0.348649
2 0.987337 0.718919 0.0253268 0.2
2 0.84232 0.641892 0.0408497 0.121622
18 0.0853758 0.410811 0.0187908 0.113514
5 0.691176 0.337838 0.0375817 0.540541
2 0.886438 0.660811 0.0522876 0.143243
2 0.944444 0.686486 0.0686275 0.167568
5 0.135212 0.321622 0.0808824 0.643243
5 0.273693 0.359459 0.168301 0.718919
5 0.0363562 0.339189 0.0727124 0.537838
5 0.0919118 0.493243 0.00571895 0.294595
18 0.619281 0.336486 0.0228758 0.208108
18 0.686683 0.440541 0.0106209 0.0756757
5 0.681781 0.495946 0.00245098 0.197297
5 0.61683 0.486486 0.00653595 0.524324
