19 0.78268 0.748649 0.107843 0.140541
6 0.325163 0.860811 0.202614 0.278378
19 0.0878268 0.758108 0.121732 0.0405405
7 0.408088 0.614865 0.113562 0.0351351
19 0.552696 0.547297 0.0155229 0.0189189
6 0.456699 0.613514 0.0228758 0.0378378
19 0.684232 0.662162 0.0629085 0.0810811
7 0.447712 0.568919 0.0604575 0.0135135
6 0.468137 0.585135 0.0147059 0.0189189
6 0.474673 0.568919 0.00980392 0.0135135
7 0.433007 0.586486 0.0784314 0.0216216
19 0.316176 0.616216 0.0408497 0.0108108
10 0.419118 0.459459 0.0196078 0.189189
19 0.635212 0.617568 0.0433007 0.0567568
6 0.43219 0.677027 0.0473856 0.0891892
19 0.558415 0.552703 0.0171569 0.0243243
7 0.331291 0.581081 0.0220588 0.00540541
10 0.392974 0.402703 0.0359477 0.340541
19 0.607843 0.594595 0.0343137 0.0432432
8 0.551879 0.568919 0.0596405 0.0243243
7 0.5 0.568919 0.0555556 0.0135135
7 0.351307 0.677027 0.199346 0.0891892
7 0.5 0.586486 0.0702614 0.0216216
8 0.324346 0.617568 0.140523 0.0567568
7 0.500408 0.677027 0.16585 0.0891892
8 0.371324 0.587838 0.0939542 0.0351351
8 0.398284 0.568919 0.0694444 0.0243243
8 0.220997 0.683784 0.262255 0.118919
7 0.500408 0.616216 0.0988562 0.0378378
10 0.311683 0.314865 0.142974 0.62973
2 0.822304 0.635135 0.0367647 0.113514
2 0.861111 0.651351 0.0457516 0.12973
2 0.968546 0.701351 0.0629085 0.181081
2 0.765114 0.610811 0.0253268 0.0918919
2 0.79085 0.621622 0.0294118 0.102703
2 0.743464 0.601351 0.0212418 0.0837838
2 0.910948 0.672973 0.0588235 0.151351
2 0.72549 0.594595 0.0179739 0.0756757
2 0.595588 0.540541 0.00326797 0.0324324
5 0.50817 0.4 0.0506536 0.340541
2 0.618464 0.55 0.00490196 0.0405405
2 0.59232 0.539189 0.00326797 0.0297297
2 0.683415 0.577027 0.0122549 0.0621622
2 0.613562 0.548649 0.00490196 0.0378378
2 0.609886 0.547297 0.00408497 0.0351351
2 0.640931 0.559459 0.00735294 0.0486486
2 0.69567 0.582432 0.0138889 0.0675676
2 0.598856 0.543243 0.00326797 0.0324324
2 0.663399 0.568919 0.00980392 0.0567568
2 0.628676 0.554054 0.00571895 0.0432432
2 0.605801 0.544595 0.00408497 0.0351351
2 0.647467 0.562162 0.00735294 0.0486486
2 0.673203 0.572973 0.0114379 0.0594595
2 0.655229 0.566216 0.00816993 0.0513514
2 0.622958 0.552703 0.00571895 0.0405405
19 0.527369 0.536486 0.00571895 0.0351351
2 0.633987 0.556757 0.00653595 0.0432432
2 0.709559 0.587838 0.0155229 0.072973
19 0.586601 0.610811 0.0196078 0.113514
