19 0.892974 0.844595 0.166667 0.218919
19 0.581699 0.57027 0.0245098 0.0324324
19 0.570261 0.559459 0.0212418 0.027027
19 0.562092 0.552703 0.0179739 0.0243243
6 0.456291 0.610811 0.0236928 0.0378378
7 0.535131 0.560811 0.122549 0.0135135
10 0.306781 0.314865 0.0743464 0.624324
6 0.321895 0.859459 0.207516 0.281081
10 0.377042 0.433784 0.0318627 0.289189
7 0.151144 0.662162 0.0571895 0.0162162
6 0.431373 0.674324 0.0473856 0.0891892
19 0.596814 0.582432 0.0302288 0.0405405
10 0.39951 0.510811 0.0163399 0.0540541
7 0.500408 0.581081 0.0727124 0.027027
7 0.407271 0.610811 0.113562 0.0378378
19 0.377451 0.575676 0.0245098 0.00540541
19 0.304739 0.618919 0.0441176 0.0108108
7 0.5 0.675676 0.166667 0.0918919
8 0.323121 0.614865 0.14134 0.0567568
8 0.218954 0.681081 0.264706 0.118919
7 0.349673 0.675676 0.20098 0.0918919
7 0.415033 0.560811 0.127451 0.0135135
7 0.431373 0.551351 0.0980392 0.00540541
7 0.43219 0.581081 0.0833333 0.027027
7 0.5 0.610811 0.0996732 0.0378378
8 0.590686 0.614865 0.112745 0.0567568
2 0.627859 0.551351 0.00571895 0.0432432
2 0.671977 0.568919 0.0106209 0.0567568

2 0.723856 0.590541 0.0179739 0.0783784
2 0.742239 0.598649 0.0204248 0.0837838
2 0.707925 0.583784 0.0155229 0.0702703
8 0.647876 0.681081 0.197712 0.118919
2 0.682598 0.574324 0.0122549 0.0621622
2 0.789216 0.618919 0.0294118 0.102703
2 0.640114 0.555405 0.00735294 0.0459459
19 0.39951 0.541892 0.0228758 0.0351351
2 0.633578 0.554054 0.00735294 0.0432432
2 0.966503 0.695946 0.0669935 0.181081
2 0.662582 0.564865 0.00980392 0.0540541
8 0.67402 0.57973 0.303922 0.0513514
2 0.76348 0.608108 0.0253268 0.0918919
2 0.907271 0.667568 0.0580065 0.151351
2 0.694853 0.578378 0.0138889 0.0648649
2 0.64665 0.559459 0.00735294 0.0486486
2 0.820261 0.631081 0.0359477 0.116216
2 0.858252 0.648649 0.0449346 0.12973
5 0.513889 0.316216 0.0915033 0.610811
19 0.541258 0.551351 0.00898693 0.0540541
2 0.613562 0.545946 0.00490196 0.0378378
5 0.430147 0.398649 0.0498366 0.332432
2 0.622549 0.55 0.00490196 0.0405405
5 0.345997 0.413514 0.0171569 0.286486
2 0.617647 0.547297 0.00490196 0.0405405
5 0.33415 0.494595 0.00163399 0.118919
11 0.418709 0.540541 0.0580065 0.145946
5 0.531863 0.494595 0.00163399 0.145946
18 0.532271 0.454054 0.00571895 0.0540541
18 0.331291 0.462162 0.00571895 0.0432432
1 0.139706 0.344595 0.279412 0.564865
