19 0.681373 0.656757 0.0620915 0.0810811
19 0.606618 0.591892 0.0334967 0.0432432
19 0.776144 0.739189 0.104575 0.137838
19 0.633578 0.614865 0.0433007 0.0567568
19 0.560458 0.551351 0.0179739 0.0216216
20 0.0375817 0.710811 0.0702614 0.313514
1 0.257761 0.305405 0.0187908 0.0702703
20 0.162582 0.639189 0.0441176 0.202703
20 0.152778 0.545946 0.135621 0.394595
19 0.22018 0.674324 0.0710784 0.0189189
20 0.214869 0.617568 0.0375817 0.17027
19 0.35049 0.591892 0.0310458 0.00540541
20 0.0241013 0.589189 0.0482026 0.821622
20 0.158497 0.613514 0.0375817 0.167568
20 0.0857843 0.633784 0.0424837 0.197297
6 0.452206 0.622973 0.0269608 0.0459459
6 0.473039 0.568919 0.0114379 0.0135135
6 0.419526 0.706757 0.0612745 0.121622
6 0.205065 0.883784 0.410131 0.232432

7 0.454248 0.556757 0.0506536 0.0108108
7 0.444036 0.568919 0.0645425 0.0135135
2 0.936683 0.678378 0.0661765 0.162162
8 0.391748 0.57027 0.0743464 0.027027
8 0.361111 0.590541 0.102941 0.0405405
2 0.688725 0.575676 0.0130719 0.0648649
7 0.397467 0.622973 0.128268 0.0459459
2 0.658497 0.563514 0.00980392 0.0513514
7 0.5 0.556757 0.0473856 0.0108108
2 0.70098 0.581081 0.0147059 0.0702703
2 0.837827 0.637838 0.0400327 0.118919
2 0.803513 0.624324 0.0318627 0.108108
2 0.650327 0.560811 0.00816993 0.0513514
10 0.395425 0.377027 0.0392157 0.375676
8 0.167075 0.714865 0.33415 0.154054
7 0.5 0.587838 0.0767974 0.0243243
2 0.667484 0.566216 0.00980392 0.0567568
2 0.775735 0.610811 0.0269608 0.0972973
2 0.643382 0.556757 0.00735294 0.0486486
7 0.499592 0.568919 0.0580065 0.0135135
2 0.983252 0.710811 0.0334967 0.194595
8 0.554739 0.57027 0.0637255 0.027027
8 0.305147 0.627027 0.160948 0.0648649
2 0.880719 0.655405 0.0506536 0.137838
7 0.32067 0.706757 0.247549 0.121622
2 0.677288 0.57027 0.0114379 0.0594595
2 0.752451 0.602703 0.0228758 0.0864865
2 0.715686 0.586486 0.0163399 0.0756757
2 0.732843 0.594595 0.0196078 0.0810811
7 0.5 0.622973 0.111111 0.0459459
7 0.500408 0.706757 0.201797 0.121622
7 0.427696 0.587838 0.0857843 0.0243243
1 0.261846 0.410811 0.193627 0.318919
2 0.630719 0.551351 0.00653595 0.0432432
2 0.620098 0.547297 0.00490196 0.0405405
2 0.607435 0.541892 0.00408497 0.0351351
5 0.506536 0.37973 0.0588235 0.397297
2 0.596814 0.537838 0.00408497 0.0324324
2 0.600082 0.540541 0.00408497 0.0324324
5 0.364788 0.322973 0.111928 0.645946
2 0.636846 0.555405 0.00735294 0.0459459
2 0.60335 0.540541 0.00408497 0.0324324
2 0.615196 0.545946 0.00490196 0.0378378
2 0.593954 0.536486 0.00326797 0.0297297
2 0.611111 0.544595 0.00490196 0.0351351
19 0.584967 0.605405 0.0196078 0.113514
19 0.527778 0.533784 0.00653595 0.0351351
2 0.625408 0.55 0.00571895 0.0405405
2 0.590686 0.536486 0.00326797 0.0297297
