3 0.636846 0.556757 0.0269608 0.0108108
1 0.892974 0.377027 0.0212418 0.0567568
20 0.634804 0.541892 0.00490196 0.0243243
19 0.658088 0.505405 0.0187908 0.140541
1 0.781046 0.356757 0.0147059 0.0378378

7 0.440359 0.572973 0.0718954 0.0216216

19 0.798611 0.586486 0.0367647 0.00540541
12 0.383578 0.543243 0.00898693 0.0324324
12 0.338235 0.560811 0.0163399 0.0459459
12 0.349673 0.556757 0.0147059 0.0432432
2 0.831699 0.666216 0.0718954 0.132432
12 0.377042 0.545946 0.0106209 0.0324324
7 0.454248 0.556757 0.0506536 0.0108108
10 0.808415 0.298649 0.144608 0.597297
12 0.235294 0.6 0.0408497 0.0810811
12 0.368873 0.548649 0.0122549 0.0378378
12 0.360294 0.552703 0.0130719 0.0405405
7 0.359069 0.663514 0.190359 0.0891892
8 0.901961 0.595946 0.196078 0.0297297
7 0.60866 0.664865 0.377451 0.0918919
12 0.324346 0.566216 0.0196078 0.0513514
12 0.196078 0.616216 0.0522876 0.0918919
12 0.144199 0.636486 0.0694444 0.110811
8 0.687092 0.585135 0.328431 0.0567568
12 0.0706699 0.666216 0.0988562 0.143243
12 0.390114 0.540541 0.00898693 0.0324324
8 0.72018 0.591892 0.286765 0.0540541
7 0.500817 0.572973 0.0653595 0.0216216
12 0.395425 0.539189 0.00816993 0.0297297
18 0.714869 0.437838 0.00980392 0.0756757
5 0.633578 0.485135 0.00735294 0.548649
11 0.246732 0.675676 0.341503 0.421622
5 0.50817 0.397297 0.0506536 0.340541
5 0.709967 0.493243 0.00326797 0.197297
18 0.409314 0.451351 0.00490196 0.0594595
5 0.926062 0.335135 0.0727124 0.545946
18 0.636846 0.327027 0.0204248 0.221622
5 0.408497 0.494595 0.00163399 0.156757
