10 0.26634 0.339189 0.0800654 0.62973
3 0.184232 0.609459 0.0596405 0.0243243
19 0.716912 0.687838 0.0776144 0.1
19 0.552288 0.544595 0.0147059 0.0189189
1 0.625817 0.502703 0.0702614 0.172973
19 0.618056 0.6 0.0367647 0.0486486
19 0.168709 0.552703 0.0285948 0.0675676
19 0.295752 0.522973 0.0196078 0.127027
19 0.868056 0.822973 0.152778 0.202703
19 0.651961 0.62973 0.0506536 0.0648649
19 0.401552 0.55 0.0302288 0.0459459
1 0.602941 0.497297 0.0506536 0.162162
7 0.303513 0.724324 0.275327 0.140541
6 0.464461 0.591892 0.0171569 0.027027
7 0.425245 0.591892 0.0890523 0.027027
7 0.499592 0.556757 0.0482026 0.0108108
7 0.453431 0.556757 0.0522876 0.0108108
6 0.200572 0.897297 0.401144 0.205405
7 0.442402 0.57027 0.0661765 0.0162162
6 0.472222 0.57027 0.0114379 0.0162162
6 0.412582 0.724324 0.0702614 0.140541
19 0.265523 0.644595 0.0555556 0.0135135
6 0.477533 0.556757 0.00898693 0.0108108
6 0.449755 0.62973 0.0285948 0.0486486
7 0.392157 0.62973 0.135621 0.0486486
8 0.573529 0.593243 0.0882353 0.0405405
8 0.693627 0.733784 0.272876 0.175676
10 0.41585 0.37027 0.0375817 0.367568
8 0.389297 0.572973 0.0776144 0.027027
7 0.5 0.57027 0.0604575 0.0162162
8 0.162582 0.733784 0.325163 0.175676
8 0.606209 0.632432 0.133987 0.0702703
7 0.5 0.591892 0.0800654 0.027027
8 0.295752 0.632432 0.171569 0.0702703
5 0.149101 0.583784 0.00571895 0.0486486
8 0.356618 0.593243 0.107026 0.0405405
8 0.556373 0.572973 0.0653595 0.027027
7 0.5 0.62973 0.117647 0.0486486
7 0.500817 0.724324 0.222222 0.140541
2 0.816585 0.62973 0.0351307 0.113514
2 0.786356 0.616216 0.0285948 0.102703
2 0.761438 0.605405 0.0245098 0.0918919
5 0.204657 0.568919 0.00408497 0.0405405
2 0.854167 0.644595 0.0433007 0.127027
5 0.24469 0.560811 0.00408497 0.0351351
2 0.740605 0.597297 0.0204248 0.0810811
5 0.067402 0.602703 0.00735294 0.0594595
2 0.901552 0.664865 0.0563725 0.145946
2 0.963644 0.691892 0.0727124 0.172973
5 0.450163 0.417568 0.0408497 0.267568
2 0.693627 0.578378 0.0130719 0.0648649
2 0.707108 0.583784 0.0155229 0.0702703
2 0.67116 0.568919 0.0106209 0.0567568
2 0.681781 0.572973 0.0122549 0.0594595
2 0.653595 0.560811 0.00816993 0.0513514
5 0.509395 0.378378 0.0596405 0.4
2 0.722222 0.589189 0.0179739 0.0756757
19 0.539216 0.551351 0.00816993 0.0540541
5 0.350899 0.331081 0.123366 0.662162
2 0.662173 0.564865 0.00898693 0.0540541
19 0.598856 0.622973 0.0228758 0.132432
