19 0.613562 0.597297 0.0359477 0.0486486
19 0.644608 0.625676 0.0473856 0.0621622
19 0.592729 0.57973 0.0285948 0.0351351
19 0.57884 0.567568 0.0236928 0.0324324
2 0.418301 0.535135 0.0147059 0.0324324
7 0.500408 0.609459 0.103758 0.0459459
10 0.374592 0.514865 0.0204248 0.0675676
7 0.544526 0.575676 0.154412 0.0216216
2 0.502042 0.535135 0.0138889 0.0324324
2 0.531046 0.535135 0.0147059 0.0324324
10 0.334967 0.410811 0.0457516 0.394595
6 0.315768 0.862162 0.218137 0.275676
2 0.446078 0.535135 0.0147059 0.0324324
2 0.753268 0.604054 0.0228758 0.0891892
8 0.744281 0.608108 0.434641 0.0810811
15 0.824346 0.547297 0.261438 0.0675676
2 0.940359 0.682432 0.0669935 0.164865
7 0.5 0.678378 0.168301 0.0918919
19 0.375 0.554054 0.0294118 0.0432432

5
2 0.776552 0.613514 0.0269608 0.0972973
2 0.883578 0.659459 0.0514706 0.140541
2 0.985294 0.716216 0.0294118 0.2
7 0.347631 0.678378 0.203431 0.0918919
8 0.64951 0.683784 0.20098 0.118919
19 0.560049 0.504054 0.0416667 0.0945946
7 0.406046 0.609459 0.122549 0.0459459
7 0.392974 0.575676 0.163399 0.0216216
15 0.693219 0.547297 0.206699 0.0675676
2 0.805147 0.625676 0.0334967 0.110811
2 0.667892 0.568919 0.0106209 0.0567568
2 0.689134 0.577027 0.0122549 0.0621622
2 0.701797 0.582432 0.0147059 0.0675676
2 0.650735 0.560811 0.00898693 0.0513514
2 0.678105 0.572973 0.0114379 0.0594595
2 0.716503 0.587838 0.0163399 0.072973
2 0.643382 0.558108 0.00735294 0.0459459
2 0.73366 0.594595 0.0196078 0.0810811
5 0.311683 0.393243 0.0253268 0.354054
5 0.523284 0.351351 0.152778 0.702703
2 0.658905 0.564865 0.00898693 0.0540541
5 0.60866 0.495946 0.00163399 0.116216
18 0.61152 0.463514 0.00571895 0.0459459
19 0.555964 0.57027 0.0122549 0.0756757
5 0.948529 0.393243 0.0506536 0.354054
5 0.29616 0.494595 0.00245098 0.145946
5 0.541667 0.494595 0.00163399 0.189189
5 0.410948 0.371622 0.0637255 0.424324
5 0.611111 0.408108 0.0147059 0.302703
18 0.292484 0.455405 0.00816993 0.0567568
18 0.542075 0.441892 0.00735294 0.072973
11 0.24183 0.656757 0.271242 0.524324
