1 0.63848 0.327027 0.0514706 0.102703
19 0.386029 0.566216 0.0106209 0.0567568
19 0.354984 0.586486 0.0155229 0.0756757
19 0.363971 0.57973 0.0138889 0.0675676
8 0.294526 0.605405 0.0743464 0.0486486
3 0.444036 0.578378 0.0285948 0.0108108
19 0.392157 0.563514 0.00980392 0.0513514
3 0.299428 0.582432 0.0433007 0.0135135
19 0.395425 0.562162 0.00490196 0.0486486
19 0.914624 0.552703 0.0253268 0.0243243
19 0.379902 0.57027 0.0114379 0.0594595
19 0.372549 0.575676 0.0130719 0.0648649
7 0.44567 0.566216 0.0645425 0.0189189
19 0.870915 0.532432 0.0114379 0.0540541
19 0.879902 0.532432 0.0114379 0.0540541
19 0.837418 0.512162 0.0147059 0.0945946
19 0.246324 0.57027 0.0334967 0.0864865
7 0.497549 0.572973 0.0196078 0.0054054119 0.819036 0.510811 0.0155229 0.097297319 0.854167 0.498649 0.0171569 0.121622
19 0.311275 0.551351 0.0228758 0.0648649
7 0.553513 0.589189 0.185458 0.027027
19 0.953023 0.544595 0.0138889 0.0567568
19 0.0796569 0.551351 0.0302288 0.0648649
19 0.771242 0.505405 0.0686275 0.12973
8 0.162173 0.6 0.324346 0.0432432
5 0.0890523 0.437838 0.0408497 0.345946
2 0.973039 0.601351 0.0441176 0.0783784
2 0.961193 0.556757 0.0416667 0.0540541
8 0.370098 0.587838 0.129085 0.0675676
10 0.946078 0.454054 0.107843 0.254054
7 0.387255 0.632432 0.147059 0.0594595
8 0.772467 0.806757 0.455065 0.386486
2 0.760621 0.635135 0.189542 0.145946
19 0.714869 0.505405 0.0653595 0.12973
7 0.584967 0.633784 0.295752 0.0621622
8 0.665033 0.577027 0.289216 0.0459459
2 0.996732 0.601351 0.00653595 0.0783784
2 0.202614 0.608108 0.0359477 0.0972973
2 0.112337 0.644595 0.0612745 0.132432
2 0.888072 0.601351 0.0441176 0.0783784
12 0.727533 0.528378 0.0351307 0.0621622
2 0.803922 0.601351 0.0441176 0.0783784
2 0.198938 0.6 0.0433007 0.0810811
12 0.758578 0.528378 0.0351307 0.0621622
2 0.163807 0.624324 0.0465686 0.113514
12 0.821078 0.528378 0.0359477 0.0621622
12 0.790033 0.528378 0.0359477 0.0621622
2 0.0306373 0.6 0.0433007 0.0810811
2 0.761438 0.601351 0.0441176 0.0783784
2 0.930556 0.601351 0.0441176 0.0783784
2 0.0727124 0.6 0.0441176 0.0810811
2 0.156863 0.6 0.0441176 0.0810811
12 0.882761 0.528378 0.0367647 0.0621622
2 0.114788 0.6 0.0433007 0.0810811
2 0.845997 0.601351 0.0433007 0.0783784
12 0.696487 0.528378 0.0351307 0.0621622
19 0.591912 0.541892 0.00898693 0.0513514
5 0.591503 0.489189 0.00490196 0.410811
5 0.669526 0.493243 0.00245098 0.175676
5 0.689542 0.32027 0.0408497 0.597297
19 0.0653595 0.575676 0.0228758 0.0810811
5 0.362745 0.324324 0.112745 0.648649
18 0.414216 0.456757 0.00490196 0.0540541
5 0.96201 0.355405 0.0694444 0.478378
5 0.413399 0.494595 0.00163399 0.140541
18 0.593546 0.37027 0.0138889 0.162162
18 0.67402 0.444595 0.00816993 0.0675676
5 0.445261 0.410811 0.0441176 0.291892
9 0.527778 0.489189 0.00816993 0.027027
