19 0.213644 0.545946 0.0269608 0.0432432
20 0.585784 0.52027 0.0147059 0.0621622
20 0.591503 0.521622 0.0277778 0.0702703
10 0.38848 0.52027 0.0187908 0.0351351
7 0.594771 0.621622 0.0212418 0.00540541
10 0.385212 0.52027 0.0204248 0.0351351
20 0.590278 0.521622 0.0155229 0.0648649
19 0.368056 0.539189 0.0106209 0.0567568
2 0.378268 0.537838 0.00490196 0.0432432
2 0.409722 0.55 0.00408497 0.0459459
2 0.339461 0.590541 0.0122549 0.0837838
2 0.322712 0.6 0.0147059 0.0918919
19 0.388072 0.537838 0.00980392 0.0324324
2 0.367647 0.541892 0.00653595 0.0459459
19 0.129902 0.506757 0.0555556 0.213514
1 0.281046 0.485135 0.0620915 0.154054
19 0.385621 0.537838 0.00980392 0.0324324
2 0.414216 0.547297 0.00326797 0.0459459
2 0.35335 0.582432 0.0106209 0.0783784

19 0.0494281 0.505405 0.0547386 0.162162
2 0.383987 0.564865 0.00653595 0.0594595
6 0.441993 0.648649 0.0359477 0.0648649
2 0.40482 0.552703 0.00408497 0.0459459
2 0.376225 0.568919 0.00735294 0.0621622
2 0.399101 0.555405 0.00571895 0.0513514
2 0.366013 0.575676 0.00816993 0.0702703
6 0.469771 0.577027 0.0130719 0.0189189
6 0.460784 0.601351 0.0196078 0.0297297
2 0.392565 0.559459 0.00571895 0.0540541
7 0.375408 0.648649 0.160948 0.0648649
7 0.499592 0.577027 0.0645425 0.0189189
7 0.499592 0.648649 0.136438 0.0648649
7 0.499592 0.601351 0.0874183 0.0297297
6 0.385621 0.790541 0.106209 0.218919
7 0.417484 0.601351 0.0996732 0.0297297
7 0.237745 0.791892 0.387255 0.221622
8 0.381127 0.577027 0.0841503 0.0297297
7 0.437908 0.577027 0.0718954 0.0189189
2 0.608252 0.551351 0.0710784 0.0648649
8 0.757353 0.802703 0.382353 0.27027
8 0.34232 0.604054 0.120915 0.0459459
1 0.738562 0.393243 0.202614 0.37027
19 0.602533 0.543243 0.0106209 0.0486486
8 0.580065 0.604054 0.0980392 0.0459459
8 0.621732 0.652703 0.158497 0.0891892
8 0.560049 0.577027 0.0710784 0.0297297
7 0.5 0.791892 0.302288 0.221622
19 0.609477 0.547297 0.0114379 0.0513514
8 0.265114 0.652703 0.206699 0.0891892
5 0.515114 0.362162 0.0678105 0.459459
5 0.450163 0.421622 0.0392157 0.259459
12 0.0698529 0.585135 0.0874183 0.154054
20 0.386029 0.536486 0.00898693 0.0405405
12 0.222631 0.537838 0.0351307 0.0648649
12 0.160131 0.537838 0.0359477 0.0648649
12 0.0980392 0.537838 0.0359477 0.0648649
12 0.191585 0.537838 0.0351307 0.0648649
19 0.606618 0.544595 0.0106209 0.0513514
12 0.145016 0.585135 0.0857843 0.154054
19 0.60049 0.541892 0.00980392 0.0459459
12 0.347222 0.537838 0.0343137 0.0648649
2 0.377451 0.537838 0.0294118 0.0324324
20 0.179739 0.609459 0.0310458 0.121622
12 0.129085 0.537838 0.0359477 0.0648649
20 0.147059 0.635135 0.0277778 0.102703
20 0.200572 0.614865 0.0236928 0.0837838
20 0.619281 0.55 0.0114379 0.0567568
20 0.629902 0.559459 0.00980392 0.0432432
5 0.52451 0.497297 0.00163399 0.113514
20 0.165441 0.627027 0.0253268 0.0972973
20 0.635212 0.559459 0.00898693 0.0432432
