19 0.651552 0.545946 0.0155229 0.0216216
15 0.455474 0.551351 0.283497 0.0702703
2 0.639706 0.544595 0.0196078 0.0351351
8 0.243056 0.656757 0.221405 0.0918919
8 0.765523 0.581081 0.447712 0.0486486
7 0.205065 0.806757 0.410131 0.245946
2 0.658497 0.544595 0.0196078 0.0351351
8 0.571078 0.604054 0.0964052 0.0459459
7 0.486928 0.602703 0.0898693 0.0324324
8 0.609069 0.656757 0.156046 0.0918919
8 0.32884 0.604054 0.126634 0.0459459
15 0.433007 0.575676 0.429739 0.108108
8 0.740196 0.82027 0.383987 0.294595
6 0.449346 0.601351 0.0228758 0.0297297
15 0.402369 0.651351 0.804739 0.237838
7 0.355801 0.651351 0.172386 0.0648649
6 0.424837 0.65 0.0441176 0.0675676
19 0.703431 0.545946 0.0163399 0.0216216
6 0.346405 0.805405 0.142157 0.243243
7 0.479984 0.651351 0.139706 0.0648649
7 0.405229 0.602703 0.104575 0.0324324
2 0.867647 0.544595 0.0196078 0.0351351
2 0.848448 0.544595 0.0204248 0.0351351
2 0.791667 0.544595 0.0196078 0.0351351
2 0.715686 0.544595 0.0196078 0.0351351
12 0.368464 0.545946 0.0114379 0.0324324
2 0.753268 0.544595 0.0196078 0.0351351
2 0.772876 0.544595 0.0196078 0.0351351
2 0.829248 0.544595 0.0196078 0.0351351
2 0.734477 0.544595 0.0196078 0.0351351
2 0.810458 0.544595 0.0196078 0.0351351
5 0.525735 0.495946 0.000816993 0.137838
5 0.500408 0.335135 0.0808824 0.545946
18 0.525735 0.456757 0.00408497 0.0540541
11 0.430147 0.543243 0.0318627 0.0648649
12 0.382353 0.540541 0.00980392 0.0324324
5 0.439951 0.413514 0.0416667 0.281081
12 0.388072 0.539189 0.00816993 0.0297297
12 0.375817 0.543243 0.00980392 0.0324324
