19 0.719771 0.562162 0.0212418 0.027027
19 0.598856 0.483784 0.0228758 0.140541
7 0.809232 0.568919 0.139706 0.00810811
8 0.35049 0.606757 0.173203 0.0945946
6 0.324755 0.859459 0.216503 0.281081
2 0.633578 0.562162 0.0269608 0.0486486
7 0.359477 0.674324 0.199346 0.0891892
7 0.418301 0.608108 0.117647 0.0486486
8 0.844771 0.578378 0.160131 0.0216216
19 0.789216 0.562162 0.0196078 0.027027
8 0.756944 0.609459 0.440359 0.0837838
2 0.738154 0.562162 0.0269608 0.0486486
2 0.764706 0.562162 0.0277778 0.0486486
19 0.933007 0.562162 0.0179739 0.027027
7 0.510212 0.608108 0.103758 0.0486486
2 0.659722 0.562162 0.0269608 0.0486486
15 0.430964 0.660811 0.861928 0.256757
15 0.457516 0.578378 0.437908 0.113514
7 0.667075 0.562162 0.146242 0.00540541
2 0.81781 0.562162 0.0277778 0.0486486

2 0.685866 0.562162 0.0269608 0.0486486
2 0.844363 0.562162 0.0269608 0.0486486
7 0.684232 0.568919 0.164216 0.00810811
7 0.463235 0.558108 0.0539216 0.0135135
2 0.791258 0.562162 0.0269608 0.0486486
7 0.507761 0.675676 0.167484 0.0918919
7 0.55433 0.575676 0.154412 0.0216216
19 0.862745 0.562162 0.0196078 0.027027
7 0.449346 0.574324 0.0718954 0.0189189
6 0.439542 0.674324 0.0490196 0.0891892
2 0.924837 0.562162 0.0277778 0.0486486
6 0.714869 0.589189 0.52451 0.0918919
7 0.544526 0.558108 0.118464 0.0135135
2 0.951797 0.562162 0.0277778 0.0486486
7 0.780229 0.562162 0.124183 0.00540541
2 0.97835 0.562162 0.0285948 0.0486486
12 0.343546 0.562162 0.0171569 0.0486486
12 0.366422 0.552703 0.0138889 0.0405405
12 0.391748 0.543243 0.0106209 0.0324324
2 0.995507 0.562162 0.00898693 0.0486486
12 0.384395 0.547297 0.0106209 0.0351351
12 0.404003 0.539189 0.00898693 0.0297297
12 0.355801 0.556757 0.0155229 0.0432432
12 0.376225 0.548649 0.0122549 0.0378378
12 0.398284 0.541892 0.00898693 0.0297297
18 0.638889 0.463514 0.00490196 0.0459459
11 0.293709 0.67027 0.144608 0.259459
5 0.440768 0.389189 0.0547386 0.367568
5 0.555964 0.494595 0.00245098 0.189189
18 0.555964 0.440541 0.00571895 0.0756757
5 0.531046 0.35 0.148693 0.7
12 0.409314 0.537838 0.00816993 0.027027
19 0.79902 0.545946 0.0114379 0.0486486
5 0.636029 0.495946 0.000816993 0.116216
