1 0.71732 0.227027 0.0849673 0.178378
6 0.470588 0.574324 0.0130719 0.0189189
3 0.0841503 0.67027 0.112745 0.0378378
2 0.426062 0.540541 0.00245098 0.0378378
19 0.295343 0.621622 0.0106209 0.0972973
7 0.338644 0.685135 0.224673 0.110811
7 0.496324 0.62027 0.0334967 0.0135135
6 0.476307 0.559459 0.00980392 0.0108108
19 0.328023 0.501351 0.0269608 0.0945946
7 0.350899 0.589189 0.0236928 0.00540541
3 0.402778 0.637838 0.0539216 0.0216216
19 0.256944 0.645946 0.0367647 0.12973
19 0.127042 0.728378 0.0792484 0.213514
20 0.246732 0.55 0.0490196 0.0459459
19 0.282271 0.631081 0.0302288 0.116216
19 0.118464 0.606757 0.0588235 0.132432
19 0.183415 0.693243 0.0596405 0.175676
19 0.0510621 0.781081 0.102124 0.27027
7 0.577614 0.589189 0.0212418 0.00540541
19 0.225082 0.666216 0.0465686 0.148649
7 0.5 0.559459 0.0506536 0.0108108
7 0.410131 0.606757 0.116013 0.0459459
7 0.439134 0.574324 0.0710784 0.0189189
7 0.501225 0.606757 0.10049 0.0459459
7 0.624592 0.683784 0.43219 0.113514
7 0.45098 0.559459 0.0555556 0.0108108
1 0.785539 0.287838 0.363562 0.267568
1 0.785539 0.159459 0.363562 0.318919
1 0.785539 0.159459 0.363562 0.318919
7 0.5 0.87027 1 0.259459
8 0.559641 0.577027 0.0702614 0.0297297
8 0.547794 0.562162 0.0547386 0.0216216
8 0.226307 0.681081 0.356209 0.205405
8 0.405229 0.562162 0.0637255 0.0216216
1 0.786356 0.463514 0.347222 0.240541
1 0.786356 0.463514 0.347222 0.240541
1 0.786765 0.531081 0.362745 0.137838
12 0.246732 0.532432 0.0326797 0.0594595
1 0.785539 0.287838 0.363562 0.267568
7 0.5 0.574324 0.0637255 0.0189189
8 0.382353 0.577027 0.0833333 0.0297297
1 0.786765 0.531081 0.362745 0.137838
19 0.660948 0.574324 0.0179739 0.0891892
20 0.378676 0.540541 0.00898693 0.0432432
12 0.871732 0.545946 0.0604575 0.102703
12 0.362337 0.532432 0.0318627 0.0594595
5 0.416667 0.363514 0.0669935 0.445946
20 0.376634 0.545946 0.00653595 0.0324324
12 0.970997 0.545946 0.0580065 0.102703
12 0.821078 0.545946 0.0588235 0.102703
12 0.922386 0.545946 0.0604575 0.102703
20 0.373775 0.547297 0.00898693 0.0351351
12 0.333742 0.532432 0.0318627 0.0594595
12 0.30433 0.532432 0.0318627 0.0594595
12 0.275327 0.532432 0.0326797 0.0594595
9 0.543709 0.483784 0.0122549 0.0432432
5 0.831291 0.490541 0.00571895 0.343243
5 0.358252 0.491892 0.00245098 0.232432
18 0.839869 0.393243 0.0196078 0.132432
18 0.359886 0.428378 0.00898693 0.0891892
5 0.543709 0.535135 0.000816993 0.140541
20 0.381944 0.543243 0.00735294 0.0324324
4 0.405637 0.52027 0.00571895 0.072973
