19 0.33701 0.598649 0.0187908 0.0837838
1 0.66585 0.291892 0.0620915 0.12973
19 0.348039 0.590541 0.0163399 0.0783784
19 0.322712 0.605405 0.0212418 0.0918919
3 0.0457516 0.640541 0.0915033 0.0324324
7 0.38317 0.57027 0.0179739 0.00540541
19 0.932598 0.501351 0.0204248 0.148649
3 0.235703 0.608108 0.0612745 0.0216216
7 0.496732 0.589189 0.0245098 0.00540541
19 0.363971 0.57973 0.00571895 0.0621622
20 0.294526 0.540541 0.0367647 0.0378378
3 0.429739 0.598649 0.0375817 0.0135135
3 0.107843 0.65 0.0964052 0.0297297
19 0.287582 0.628378 0.0294118 0.110811
7 0.924837 0.694595 0.0539216 0.0108108
19 0.30719 0.614865 0.0245098 0.1
19 0.35866 0.583784 0.0147059 0.0702703
19 0.835376 0.508108 0.0890523 0.162162
7 0.433007 0.581081 0.0816993 0.027027
6 0.47549 0.562162 0.00980392 0.0108108
19 0.765931 0.508108 0.0841503 0.162162
19 0.963235 0.541892 0.0147059 0.0675676
2 0.884395 0.794595 0.231209 0.389189
19 0.952614 0.541892 0.0147059 0.0675676
1 0.731209 0.472973 0.279412 0.178378
8 0.136029 0.641892 0.272059 0.0783784
8 0.712418 0.595946 0.377451 0.0675676
7 0.312908 0.710811 0.26634 0.140541
8 0.547386 0.562162 0.0555556 0.0216216
8 0.32884 0.614865 0.188725 0.105405
7 0.572304 0.616216 0.252451 0.0486486
1 0.731209 0.522973 0.292484 0.1
8 0.403595 0.562162 0.0637255 0.0216216
7 0.401552 0.617568 0.125 0.0459459
19 0.252451 0.568919 0.0326797 0.0837838
19 0.911356 0.517568 0.0187908 0.116216
19 0.888889 0.514865 0.0196078 0.121622
7 0.499183 0.562162 0.0506536 0.0108108
7 0.450163 0.562162 0.0555556 0.0108108
7 0.647059 0.714865 0.513072 0.148649
1 0.731209 0.522973 0.292484 0.1
19 0.128268 0.605405 0.0571895 0.12973
7 0.500408 0.581081 0.0727124 0.027027
12 0.966503 0.533784 0.0457516 0.0783784
1 0.729984 0.337838 0.293301 0.189189
2 0.0241013 0.687838 0.0482026 0.175676
1 0.729984 0.131081 0.293301 0.262162
1 0.731209 0.472973 0.279412 0.178378
1 0.729984 0.221622 0.293301 0.248649
12 0.890523 0.533784 0.0457516 0.0783784
2 0.0241013 0.663514 0.0482026 0.127027
12 0.852533 0.533784 0.0449346 0.0783784
1 0.729984 0.337838 0.293301 0.189189
1 0.729984 0.131081 0.293301 0.262162
2 0.92402 0.666216 0.0718954 0.127027
1 0.729984 0.221622 0.293301 0.248649
12 0.814542 0.533784 0.0441176 0.0783784
5 0.694853 0.477027 0.0122549 0.878378
5 0.718954 0.494595 0.00326797 0.227027
12 0.777369 0.533784 0.0433007 0.0783784
5 0.270425 0.374324 0.191176 0.748649
12 0.739379 0.533784 0.0424837 0.0783784
20 0.394199 0.539189 0.00735294 0.0297297
19 0.614379 0.552703 0.0114379 0.0621622
18 0.70384 0.217568 0.0400327 0.364865
5 0.394199 0.494595 0.00245098 0.172973
5 0.771242 0.337838 0.0767974 0.675676
20 0.397876 0.533784 0.00653595 0.0351351
5 0.434232 0.394595 0.0531046 0.351351
18 0.395016 0.445946 0.00571895 0.0648649
18 0.724673 0.42973 0.0114379 0.0864865
20 0.396242 0.537838 0.00490196 0.027027
9 0.533497 0.487838 0.00980392 0.0297297
4 0.376225 0.525676 0.00735294 0.0891892
