19 0.819853 0.778378 0.126634 0.167568
19 0.551062 0.541892 0.0155229 0.0189189
19 0.371324 0.566216 0.0449346 0.0621622
19 0.699346 0.671622 0.0702614 0.0891892
19 0.556781 0.548649 0.0171569 0.0216216
19 0.564134 0.554054 0.0187908 0.027027
7 0.424428 0.591892 0.0906863 0.027027
6 0.464461 0.591892 0.0171569 0.027027
6 0.410539 0.72973 0.0727124 0.145946
7 0.453023 0.558108 0.0531046 0.00810811
6 0.199346 0.901351 0.398693 0.197297
7 0.298611 0.72973 0.283497 0.145946
1 0.677696 0.505405 0.10866 0.248649
1 0.637663 0.495946 0.0710784 0.218919
7 0.390931 0.631081 0.138072 0.0513514
19 0.214461 0.532432 0.0302288 0.178378
6 0.449346 0.631081 0.0294118 0.0513514
19 0.397876 0.562162 0.0196078 0.00540541
19 0.0531046 0.790541 0.106209 0.0513514
7 0.441993 0.57027 0.0669935 0.0162162
19 0.144608 0.544595 0.0392157 0.213514
5 0.0772059 0.6 0.00735294 0.0594595
8 0.698121 0.737838 0.280229 0.183784
1 0.207108 0.408108 0.180556 0.351351

8 0.293301 0.635135 0.174837 0.0702703
7 0.500408 0.72973 0.227941 0.145946
8 0.545752 0.559459 0.0522876 0.0216216
7 0.5 0.591892 0.0800654 0.027027
8 0.408905 0.559459 0.0596405 0.0216216
8 0.556373 0.572973 0.0653595 0.027027
7 0.5 0.631081 0.119281 0.0513514
5 0.155229 0.581081 0.00490196 0.0486486
8 0.354984 0.594595 0.10866 0.0432432
8 0.573938 0.594595 0.0890523 0.0432432
8 0.161356 0.737838 0.322712 0.183784
8 0.38848 0.572973 0.0776144 0.027027
7 0.499592 0.558108 0.0482026 0.00810811
2 0.620098 0.547297 0.00490196 0.0405405
2 0.837827 0.639189 0.0400327 0.121622
2 0.775735 0.612162 0.0269608 0.0945946
2 0.732843 0.594595 0.0196078 0.0810811
5 0.247958 0.558108 0.00408497 0.0351351
2 0.803922 0.624324 0.0326797 0.108108
2 0.881536 0.656757 0.0506536 0.140541
2 0.937092 0.681081 0.0669935 0.162162
2 0.611111 0.544595 0.00490196 0.0351351
2 0.752451 0.602703 0.0228758 0.0864865
2 0.715686 0.587838 0.0163399 0.072973
2 0.98366 0.712162 0.0326797 0.197297
2 0.615196 0.545946 0.00490196 0.0378378
19 0.764706 0.824324 0.0784314 0.351351
2 0.600082 0.540541 0.00408497 0.0324324
19 0.529412 0.535135 0.00653595 0.0378378
2 0.596814 0.537838 0.00408497 0.0324324
2 0.593954 0.536486 0.00326797 0.0297297
5 0.439542 0.401351 0.0490196 0.327027
5 0.177288 0.427027 0.276144 0.854054
2 0.60335 0.540541 0.00408497 0.0324324
2 0.607435 0.541892 0.00408497 0.0351351
2 0.590686 0.536486 0.00326797 0.0297297
5 0.512255 0.333784 0.0816993 0.548649
19 0.553105 0.568919 0.0114379 0.072973
