7 0.640931 0.704054 0.486111 0.132432

7 0.331291 0.625676 0.252451 0.0243243
7 0.224265 0.704054 0.448529 0.132432
12 0.878268 0.724324 0.243464 0.135135
2 0.911356 0.491892 0.0531046 0.2
2 0.961601 0.491892 0.0539216 0.2
19 0.696078 0.652703 0.0898693 0.132432
10 0.716095 0.352703 0.309641 0.705405
2 0.860703 0.491892 0.0531046 0.2
2 0.810049 0.491892 0.0531046 0.2
8 0.241422 0.613514 0.443627 0.0432432
2 0.759804 0.491892 0.0522876 0.2
2 0.304739 0.491892 0.0522876 0.2
2 0.608252 0.491892 0.0514706 0.2
2 0.506944 0.491892 0.0514706 0.2
2 0.557598 0.491892 0.0514706 0.2
2 0.254085 0.491892 0.0522876 0.2
2 0.405637 0.491892 0.0514706 0.2
2 0.456291 0.491892 0.0514706 0.2
2 0.355392 0.491892 0.0522876 0.2
2 0.70915 0.491892 0.0522876 0.2

17 0.532271 0.586486 0.0743464 0.0540541
10 0.860294 0.622973 0.129085 0.413514
17 0.318219 0.586486 0.0759804 0.0540541
10 0.899918 0.636486 0.151144 0.462162
2 0.102533 0.491892 0.0531046 0.2
17 0.389706 0.586486 0.0751634 0.0540541
17 0.460376 0.586486 0.0743464 0.0540541
2 0.0518791 0.491892 0.0531046 0.2
10 0.930147 0.656757 0.139706 0.524324
2 0.153186 0.491892 0.0531046 0.2
10 0.891748 0.608108 0.123366 0.367568
2 0.0138889 0.491892 0.0277778 0.2
17 0.673611 0.586486 0.0759804 0.0540541
10 0.85049 0.608108 0.119281 0.367568
5 0.405229 0.313514 0.0261438 0.616216
17 0.602941 0.586486 0.0751634 0.0540541
12 0.917892 0.805405 0.154412 0.194595
18 0.68219 0.255405 0.0326797 0.316216
18 0.709559 0.431081 0.0106209 0.0837838
5 0.675654 0.47973 0.0114379 0.764865
5 0.704248 0.493243 0.00326797 0.224324
5 0.00204248 0.490541 0.00408497 0.359459
