10 0.663399 0.187838 0.168301 0.375676
2 0.707108 0.589189 0.0383987 0.102703
2 0.765114 0.65 0.0400327 0.17027
2 0.705065 0.616216 0.0245098 0.12973
2 0.840686 0.594595 0.0473856 0.0972973
2 0.691176 0.604054 0.00653595 0.116216
2 0.731618 0.631081 0.0302288 0.148649
2 0.957925 0.778378 0.0841503 0.340541
7 0.104984 0.744595 0.0645425 0.0189189
2 0.795752 0.594595 0.0473856 0.0972973
2 0.749183 0.594595 0.0473856 0.0972973
2 0.887255 0.594595 0.0473856 0.0972973
2 0.810049 0.677027 0.0547386 0.202703
7 0.907271 0.954054 0.169118 0.0918919
2 0.933824 0.594595 0.0473856 0.0972973
7 0.74469 0.6 0.237745 0.0162162
6 0.928922 0.606757 0.142157 0.0027027
2 0.649101 0.759459 0.0302288 0.248649
7 0.44567 0.568919 0.0645425 0.0189189
2 0.694853 0.835135 0.0498366 0.32973

2 0.620915 0.710811 0.0196078 0.194595
2 0.926879 0.590541 0.0334967 0.072973
7 0.790441 0.617568 0.288399 0.0189189
2 0.274101 0.493243 0.0318627 0.267568
2 0.336193 0.495946 0.0171569 0.191892
2 0.394199 0.498649 0.00735294 0.121622
2 0.319444 0.494595 0.0212418 0.210811
17 0.372549 0.583784 0.0228758 0.0594595
7 0.587418 0.639189 0.302288 0.0621622
2 0.36152 0.495946 0.0122549 0.159459
2 0.371324 0.497297 0.0106209 0.145946
2 0.379902 0.497297 0.00980392 0.135135
2 0.0502451 0.482432 0.10049 0.581081
17 0.386846 0.574324 0.0187908 0.0513514
17 0.35335 0.595946 0.0285948 0.072973
2 0.133578 0.487838 0.0808824 0.451351
8 0.369281 0.591892 0.130719 0.0702703
2 0.387663 0.497297 0.00898693 0.12973
2 0.240605 0.491892 0.0416667 0.308108
2 0.349673 0.495946 0.0147059 0.175676
17 0.327614 0.613514 0.0392157 0.0864865
2 0.299428 0.493243 0.0253268 0.235135
11 0.732843 0.533784 0.104575 0.191892
4 0.583742 0.52973 0.00735294 0.0918919
11 0.499592 0.625676 0.107026 0.3
11 0.499183 0.587838 0.0408497 0.132432
18 0.682598 0.447297 0.00898693 0.0675676
5 0.610294 0.490541 0.00490196 0.424324
17 0.398284 0.566216 0.0155229 0.0459459
5 0.798611 0.358108 0.0482026 0.478378
18 0.612745 0.37027 0.0179739 0.167568
5 0.393791 0.339189 0.0816993 0.537838
5 0.678513 0.497297 0.00245098 0.178378
5 0.415033 0.498649 0.00163399 0.143243
18 0.415441 0.459459 0.00571895 0.0540541
17 0.40768 0.560811 0.0130719 0.0405405
