7 0.550245 0.640541 0.0220588 0.00540541
2 0.939134 0.489189 0.0759804 0.281081
7 0.511846 0.864865 0.976307 0.27027
7 0.207925 0.863514 0.41585 0.272973
2 0.867647 0.489189 0.0751634 0.281081
7 0.225899 0.698649 0.425654 0.0621622
7 0.61969 0.7 0.406046 0.0594595
5 0.355392 0.348649 0.0539216 0.697297
2 0.654412 0.489189 0.0735294 0.281081
2 0.229575 0.489189 0.0735294 0.281081
17 0.550654 0.627027 0.111111 0.0810811
17 0.443627 0.627027 0.111111 0.0810811
2 0.441176 0.489189 0.0718954 0.281081
2 0.796977 0.489189 0.0743464 0.281081
2 0.158905 0.489189 0.0743464 0.281081
2 0.370507 0.489189 0.0727124 0.281081
17 0.231618 0.627027 0.115196 0.0810811
17 0.762663 0.627027 0.115196 0.0810811
2 0.72549 0.489189 0.0735294 0.281081
2 0.583333 0.489189 0.0718954 0.281081
2 0.512255 0.489189 0.0718954 0.281081
2 0.0886438 0.489189 0.0743464 0.281081
17 0.337418 0.627027 0.112745 0.0810811
2 0.0277778 0.489189 0.0555556 0.281081
2 0.299837 0.489189 0.0735294 0.281081
17 0.656863 0.627027 0.112745 0.0810811
18 0.815768 0.397297 0.0187908 0.12973
5 0.807598 0.489189 0.00571895 0.335135
4 0.232026 0.854054 0.0964052 0.291892
