7 0.625817 0.643243 0.0375817 0.01081086 0.444444 0.647297 0.0343137 0.0621622
6 0.46201 0.601351 0.0187908 0.0297297
7 0.5 0.601351 0.0866013 0.0297297
10 0.573121 0.551351 0.0155229 0.0108108
2 0.294935 0.493243 0.0261438 0.240541
2 0.234069 0.490541 0.0433007 0.316216
8 0.27165 0.651351 0.200163 0.0864865
10 0.572712 0.552703 0.00816993 0.0135135
7 0.379085 0.647297 0.155229 0.0621622
8 0.34518 0.604054 0.118464 0.0459459
2 0.187092 0.489189 0.0588235 0.378378
2 0.268382 0.493243 0.0334967 0.272973
2 0.120098 0.485135 0.0866013 0.467568
5 0.506127 0.391892 0.0547386 0.367568
7 0.419526 0.601351 0.0972222 0.0297297
18 0.0273693 0.254054 0.0547386 0.318919
5 0.373366 0.540541 0.00163399 0.151351
9 0.373775 0.485135 0.0138889 0.0459459
4 0.665033 0.609459 0.0212418 0.127027

11 0.499592 0.567568 0.0563725 0.156757
