19 0.33701 0.575676 0.0187908 0.0324324
19 0.352533 0.567568 0.0155229 0.0324324
19 0.365605 0.562162 0.0138889 0.027027
19 0.688317 0.641892 0.0743464 0.0513514
19 0.568627 0.55 0.0147059 0.00810811
19 0.375408 0.556757 0.0122549 0.027027

19 0.602124 0.577027 0.0277778 0.0189189
6 0.270016 0.871622 0.301471 0.256757
7 0.337827 0.690541 0.221405 0.105405
6 0.427696 0.690541 0.0531046 0.105405
6 0.46732 0.586486 0.0147059 0.0216216
7 0.502859 0.690541 0.183824 0.105405
7 0.501225 0.617568 0.105392 0.0405405
7 0.500408 0.567568 0.0563725 0.0162162
6 0.474265 0.567568 0.0106209 0.0162162
7 0.500817 0.586486 0.0735294 0.0216216
19 0.582925 0.562162 0.0204248 0.0108108
6 0.455065 0.617568 0.0245098 0.0405405
10 0.941585 0.75 0.11683 0.327027
8 0.315359 0.621622 0.150327 0.0594595
8 0.596814 0.621622 0.120098 0.0594595
10 0.925245 0.728378 0.14951 0.294595
8 0.569444 0.587838 0.0816993 0.0351351
10 0.894608 0.695946 0.169935 0.235135
8 0.19567 0.697297 0.296569 0.135135
8 0.663399 0.697297 0.220588 0.135135
10 0.895016 0.708108 0.136438 0.281081
8 0.553513 0.568919 0.0612745 0.0243243
10 0.668709 0.586486 0.0645425 0.124324
10 0.678513 0.590541 0.0563725 0.110811
7 0.403595 0.617568 0.120915 0.0405405
10 0.676471 0.587838 0.0637255 0.121622
7 0.430964 0.586486 0.0825163 0.0216216
10 0.691176 0.593243 0.0604575 0.121622
10 0.69567 0.594595 0.0694444 0.113514
10 0.709559 0.604054 0.0678105 0.137838
10 0.689542 0.593243 0.0571895 0.110811
10 0.602941 0.55 0.0343137 0.0567568
10 0.600082 0.548649 0.0367647 0.0648649
10 0.635621 0.566216 0.0424837 0.0675676
10 0.598039 0.545946 0.0245098 0.0540541
10 0.650735 0.574324 0.0465686 0.0945946
10 0.63848 0.566216 0.0482026 0.072973
10 0.628676 0.563514 0.0482026 0.0837838
10 0.597222 0.547297 0.0261438 0.0513514
10 0.651961 0.572973 0.0457516 0.0918919
10 0.645833 0.571622 0.0449346 0.0891892
10 0.569036 0.532432 0.0236928 0.0432432
10 0.582108 0.539189 0.0253268 0.0513514
10 0.569444 0.532432 0.0245098 0.0432432
10 0.566993 0.533784 0.0245098 0.0405405
10 0.607843 0.552703 0.0375817 0.0621622
10 0.605392 0.551351 0.0343137 0.0648649
10 0.582516 0.539189 0.0277778 0.0513514
10 0.583333 0.540541 0.0277778 0.0540541
10 0.60335 0.551351 0.0367647 0.0702703
10 0.566993 0.532432 0.0228758 0.0324324
10 0.587418 0.543243 0.0228758 0.0486486
10 0.584559 0.541892 0.0269608 0.0513514
10 0.583333 0.540541 0.0294118 0.0540541
10 0.586601 0.541892 0.0294118 0.0513514
2 0.320261 0.491892 0.0212418 0.210811
2 0.394608 0.495946 0.00816993 0.121622
12 0.786765 0.531081 0.0196078 0.0567568
12 0.727941 0.566216 0.0653595 0.116216
2 0.372141 0.493243 0.0106209 0.148649
2 0.33701 0.493243 0.0171569 0.191892
12 0.803105 0.532432 0.0228758 0.0594595
12 0.866422 0.539189 0.0318627 0.072973
2 0.35049 0.493243 0.0147059 0.175676
2 0.388072 0.494595 0.00816993 0.12973
2 0.274918 0.490541 0.0318627 0.267568
12 0.668301 0.566216 0.0637255 0.116216
2 0.380719 0.493243 0.00980392 0.137838
12 0.847222 0.566216 0.0669935 0.116216
12 0.842729 0.536486 0.0285948 0.0675676
12 0.821895 0.535135 0.0245098 0.0648649
12 0.78799 0.566216 0.0661765 0.116216
2 0.300245 0.490541 0.0253268 0.235135
2 0.361928 0.493243 0.0130719 0.159459
11 0.499592 0.559459 0.0514706 0.145946
11 0.499592 0.545946 0.0220588 0.0702703
2 0.197712 0.486486 0.0555556 0.367568
5 0.517157 0.337838 0.0800654 0.535135
2 0.134804 0.485135 0.0800654 0.451351
2 0.24183 0.489189 0.0408497 0.308108
2 0.0510621 0.47973 0.102124 0.581081
11 0.41585 0.560811 0.0604575 0.121622
