7 0.620915 0.616216 0.137255 0.0216216
7 0.218546 0.833784 0.437092 0.327027
10 0.598448 0.322973 0.125 0.332432


7 0.477124 0.610811 0.173203 0.0324324
10 0.475899 0.368919 0.0939542 0.251351110 0.455065 0.444595 0.155229 0.343243
10 0.721405 0.302703 0.104575 0.297297
10 0.457516 0.405405 0.140523 0.32973
10 0.417075 0.513514 0.170752 0.378378
10 0.476307 0.351351 0.0784314 0.264865
10 0.386846 0.491892 0.152778 0.416216
10 0.225082 0.628378 0.200163 0.527027
10 0.724673 0.617568 0.0163399 0.0297297
10 0.332925 0.582432 0.201797 0.462162
10 0.655229 0.352703 0.120915 0.316216
10 0.761029 0.344595 0.10866 0.283784
10 0.36152 0.540541 0.139706 0.416216
10 0.462827 0.381081 0.10866 0.286486
10 0.694444 0.3 0.116013 0.302703
10 0.47549 0.344595 0.0898693 0.256757
11 0.5 0.593243 0.0800654 0.224324
11 0.637663 0.568919 0.0547386 0.1
10 0.694444 0.612162 0.0375817 0.0243243
10 0.707108 0.631081 0.0433007 0.0351351
5 0.609886 0.360811 0.0220588 0.467568
10 0.677696 0.627027 0.0138889 0.0324324
10 0.668709 0.610811 0.0236928 0.027027
10 0.683415 0.62027 0.0383987 0.0297297
5 0.526961 0.404054 0.228758 0.808108
10 0.669526 0.614865 0.0383987 0.0243243
