19 0.319444 0.583784 0.0212418 0.0378378
19 0.352124 0.567568 0.0163399 0.0324324
1 0.738562 0.422973 0.271242 0.316216
19 0.264706 0.610811 0.0326797 0.0540541
19 0.337827 0.574324 0.0187908 0.0351351
19 0.295752 0.595946 0.0261438 0.0459459
19 0.58415 0.560811 0.0196078 0.0135135
7 0.501225 0.618919 0.107026 0.0432432
8 0.187908 0.702703 0.30719 0.140541
8 0.569853 0.589189 0.0825163 0.0378378
6 0.245915 0.874324 0.344771 0.251351
6 0.454657 0.618919 0.0253268 0.0432432
6 0.425654 0.694595 0.0555556 0.108108
8 0.312908 0.622973 0.153595 0.0621622
7 0.502859 0.694595 0.188725 0.108108
7 0.401961 0.618919 0.122549 0.0432432
19 0.606209 0.57973 0.0294118 0.0189189
7 0.333742 0.694595 0.227941 0.108108
7 0.430147 0.586486 0.0825163 0.0216216
7 0.44567 0.568919 0.0629085 0.0135135

8 0.667892 0.702703 0.227941 0.140541
6 0.466912 0.586486 0.0155229 0.0216216
6 0.474265 0.567568 0.0106209 0.0162162
7 0.500817 0.586486 0.0751634 0.0216216
8 0.598448 0.622973 0.121732 0.0621622
19 0.640931 0.605405 0.0465686 0.0324324
19 0.881536 0.794595 0.236928 0.183784
19 0.570261 0.551351 0.0147059 0.0108108
10 0.89134 0.685135 0.132353 0.240541
10 0.897467 0.695946 0.146242 0.235135
10 0.877451 0.690541 0.151961 0.235135
10 0.844363 0.678378 0.110294 0.227027
8 0.553922 0.568919 0.0620915 0.0243243
10 0.80719 0.662162 0.130719 0.237838
10 0.824346 0.662162 0.135621 0.232432
8 0.394199 0.568919 0.0727124 0.0243243
10 0.604984 0.551351 0.0367647 0.0648649
10 0.604167 0.55 0.0334967 0.0675676
10 0.606618 0.551351 0.0367647 0.0702703
10 0.609477 0.554054 0.0343137 0.0648649
10 0.752451 0.618919 0.0898693 0.145946
10 0.650327 0.574324 0.0539216 0.0891892
10 0.928513 0.737838 0.142974 0.32973
10 0.635212 0.564865 0.0498366 0.0864865
10 0.606618 0.552703 0.0367647 0.0675676
10 0.645425 0.571622 0.0457516 0.0891892
10 0.640931 0.567568 0.0465686 0.0810811
10 0.631127 0.564865 0.0334967 0.0702703
10 0.709967 0.604054 0.0735294 0.110811
10 0.632353 0.563514 0.0359477 0.072973
10 0.736111 0.616216 0.0833333 0.151351
10 0.747141 0.622973 0.0890523 0.159459
10 0.716912 0.608108 0.0759804 0.118919
10 0.642157 0.571622 0.0506536 0.0945946
10 0.696078 0.595946 0.0751634 0.127027
10 0.566993 0.532432 0.0212418 0.0432432
12 0.787582 0.612162 0.112745 0.197297
10 0.569036 0.533784 0.0187908 0.0459459
10 0.567402 0.533784 0.0236928 0.0459459
12 0.888889 0.612162 0.116013 0.197297
10 0.571078 0.533784 0.0179739 0.0459459
10 0.584967 0.540541 0.0310458 0.0540541
10 0.581699 0.540541 0.0294118 0.0486486
10 0.580474 0.537838 0.0269608 0.0540541
10 0.584559 0.540541 0.0285948 0.0540541
10 0.566993 0.532432 0.0212418 0.0324324
10 0.570261 0.533784 0.0245098 0.0405405
10 0.613562 0.555405 0.0294118 0.0621622
10 0.57884 0.537838 0.0204248 0.0486486
10 0.578431 0.539189 0.0277778 0.0513514
10 0.566585 0.533784 0.0253268 0.0459459
10 0.581291 0.539189 0.0269608 0.0405405
12 0.948121 0.55 0.0449346 0.0891892
2 0.379902 0.494595 0.00980392 0.140541
2 0.394199 0.495946 0.00735294 0.121622
2 0.387255 0.494595 0.00816993 0.12973
12 0.921977 0.537838 0.0416667 0.0702703
12 0.958333 0.537838 0.0424837 0.0702703
12 0.857026 0.537838 0.0294118 0.0702703
12 0.834559 0.536486 0.0269608 0.0675676
12 0.885212 0.537838 0.0416667 0.0702703
12 0.796569 0.532432 0.0212418 0.0594595
12 0.88317 0.543243 0.0343137 0.0756757
2 0.361111 0.493243 0.0130719 0.159459
12 0.814134 0.533784 0.0236928 0.0621622
12 0.781046 0.52973 0.0196078 0.0540541
2 0.371324 0.493243 0.0106209 0.148649
12 0.912582 0.545946 0.0392157 0.0810811
2 0.298203 0.491892 0.0261438 0.237838
2 0.349673 0.493243 0.0147059 0.175676
2 0.272059 0.489189 0.0326797 0.27027
2 0.238562 0.489189 0.0424837 0.313514
2 0.335376 0.493243 0.0171569 0.191892
2 0.318627 0.491892 0.0212418 0.210811
5 0.527369 0.332432 0.125 0.664865
11 0.499592 0.560811 0.0531046 0.148649
2 0.193219 0.486486 0.0580065 0.372973
11 0.499592 0.545946 0.0220588 0.0702703
2 0.128676 0.483784 0.0825163 0.459459
