19 0.225082 0.628378 0.0416667 0.0621622
19 0.265931 0.608108 0.0318627 0.0540541
19 0.295752 0.594595 0.0261438 0.0432432
6 0.393382 0.778378 0.0955882 0.205405
19 0.318219 0.583784 0.0220588 0.0378378
19 0.335784 0.574324 0.0179739 0.0351351
6 0.443219 0.644595 0.0334967 0.0621622
19 0.780229 0.675676 0.0522876 0.140541
7 0.691176 0.712162 0.0620915 0.0243243
7 0.50531 0.778378 0.288399 0.205405
7 0.500408 0.644595 0.13317 0.0621622
12 0.641748 0.601351 0.0236928 0.0459459
12 0.613562 0.582432 0.0163399 0.0351351
8 0.269608 0.648649 0.20098 0.0864865
10 0.572712 0.441892 0.0816993 0.235135
7 0.418709 0.594595 0.10049 0.0378378
12 0.96732 0.663514 0.0653595 0.0621622
12 0.889297 0.666216 0.110294 0.0621622
7 0.252451 0.77973 0.362745 0.208108
5
10 0.785131 0.435135 0.176471 0.47027
7 0.378268 0.644595 0.155229 0.0621622
12 0.605801 0.562162 0.0514706 0.027027
8 0.150735 0.791892 0.301471 0.254054
12 0.626634 0.590541 0.0196078 0.0405405
8 0.747141 0.790541 0.363562 0.251351
8 0.356209 0.595946 0.145425 0.0783784
12 0.687092 0.635135 0.0375817 0.0648649
8 0.619281 0.648649 0.155229 0.0864865
12 0.787582 0.668919 0.107843 0.0621622
12 0.722631 0.659459 0.0514706 0.0810811
12 0.661765 0.616216 0.0294118 0.0540541
2 0.202206 0.486486 0.0531046 0.362162
2 0.36152 0.493243 0.0122549 0.159459
2 0.370915 0.494595 0.0114379 0.145946
2 0.300654 0.491892 0.0245098 0.232432
2 0.24469 0.487838 0.0400327 0.305405
12 0.60335 0.574324 0.0138889 0.0297297
17 0.419935 0.55 0.00980392 0.0351351
2 0.276144 0.489189 0.0310458 0.264865
2 0.336601 0.491892 0.0163399 0.189189
17 0.41299 0.555405 0.0122549 0.0405405
2 0.142157 0.485135 0.0767974 0.440541
17 0.435049 0.540541 0.00735294 0.027027
17 0.430556 0.543243 0.00816993 0.0324324
2 0.393382 0.494595 0.00735294 0.118919
2 0.350082 0.493243 0.0138889 0.17027
17 0.426062 0.545946 0.00898693 0.0324324
12 0.59518 0.568919 0.0122549 0.0297297
2 0.32067 0.491892 0.0204248 0.210811
2 0.386438 0.494595 0.00816993 0.12973
2 0.379493 0.494595 0.00898693 0.135135
10 0.607026 0.531081 0.0277778 0.105405
10 0.905637 0.583784 0.10049 0.286486
10 0.939542 0.583784 0.102941 0.286486
10 0.871732 0.583784 0.0964052 0.286486
10 0.803513 0.583784 0.0906863 0.286486
10 0.837827 0.583784 0.0939542 0.286486
10 0.959967 0.583784 0.0800654 0.286486
10 0.616422 0.537838 0.0285948 0.12973
10 0.609886 0.535135 0.0269608 0.124324
10 0.620507 0.539189 0.0302288 0.132432
10 0.624592 0.540541 0.0318627 0.140541
10 0.633578 0.543243 0.0334967 0.151351
10 0.638889 0.544595 0.0359477 0.154054
10 0.769199 0.583784 0.0874183 0.286486
10 0.643791 0.547297 0.0375817 0.159459
10 0.60335 0.533784 0.0253268 0.116216
10 0.60049 0.532432 0.0245098 0.113514
10 0.612745 0.536486 0.0277778 0.127027
10 0.597631 0.531081 0.0236928 0.110811
10 0.606209 0.535135 0.0261438 0.118919
10 0.629085 0.541892 0.0326797 0.143243
10 0.663399 0.554054 0.0441176 0.183784
18 0.609069 0.464865 0.00571895 0.0432432
5 0.606209 0.495946 0.00163399 0.110811
5 0.540033 0.494595 0.00163399 0.172973
10 0.678922 0.559459 0.0490196 0.2
10 0.721814 0.574324 0.0645425 0.251351
11 0.497549 0.571622 0.0343137 0.110811
10 0.752042 0.583784 0.0776144 0.286486
10 0.687908 0.562162 0.0522876 0.210811
5 0.444036 0.413514 0.0416667 0.281081
10 0.670752 0.555405 0.0457516 0.191892
10 0.70915 0.568919 0.0604575 0.235135
10 0.735703 0.578378 0.0710784 0.264865
18 0.540441 0.445946 0.00571895 0.0648649
10 0.656454 0.551351 0.0416667 0.172973
10 0.649918 0.548649 0.0400327 0.167568
10 0.698121 0.566216 0.0563725 0.224324
11 0.497549 0.574324 0.0653595 0.181081
