19 0.0996732 0.689189 0.0784314 0.102703
6 0.448938 0.635135 0.0302288 0.0540541
6 0.408497 0.740541 0.0767974 0.156757
3 0.680964 0.708108 0.206699 0.0972973
19 0.273284 0.606757 0.0302288 0.0513514
7 0.503676 0.741892 0.242647 0.159459
7 0.501634 0.635135 0.122549 0.0540541
19 0.182598 0.648649 0.0531046 0.0756757
19 0.301062 0.591892 0.0253268 0.0432432
19 0.598856 0.572973 0.0261438 0.0162162
19 0.236111 0.622973 0.0392157 0.0621622
6 0.197712 0.909459 0.395425 0.181081
7 0.29085 0.741892 0.29902 0.159459
19 0.67402 0.631081 0.0653595 0.0459459
7 0.389297 0.635135 0.14134 0.0540541
7 0.652369 0.667568 0.0465686 0.0162162
19 0.568627 0.551351 0.0147059 0.0108108
7 0.441993 0.572973 0.0669935 0.0162162
3 0.533497 0.552703 0.0179739 0.00810811
8 0.546977 0.559459 0.0531046 0.0216216
12 0.622549 0.533784 0.0343137 0.0621622
8 0.353758 0.595946 0.111111 0.0405405
8 0.576389 0.595946 0.0906863 0.0405405
8 0.387663 0.572973 0.0792484 0.027027
7 0.453023 0.559459 0.0531046 0.0108108
8 0.711601 0.75 0.300654 0.197297
8 0.408497 0.559459 0.0604575 0.0216216
8 0.61152 0.637838 0.14134 0.0756757
10 0.602124 0.548649 0.0343137 0.0648649
10 0.593954 0.545946 0.0261438 0.0486486
10 0.660948 0.577027 0.0588235 0.0945946
10 0.599673 0.548649 0.0326797 0.0540541
12 0.723039 0.55 0.0506536 0.0891892
10 0.594363 0.544595 0.0318627 0.0621622
10 0.692402 0.593243 0.0580065 0.110811
10 0.667892 0.582432 0.0416667 0.0945946
10 0.673203 0.585135 0.0637255 0.105405
10 0.603758 0.55 0.0343137 0.0621622
10 0.661765 0.578378 0.0506536 0.102703
12 0.589869 0.533784 0.0343137 0.0621622
12 0.629493 0.55 0.0498366 0.0891892
10 0.597222 0.545946 0.0343137 0.0486486
12 0.676062 0.55 0.0498366 0.0891892
10 0.654003 0.575676 0.0531046 0.0918919
10 0.598856 0.547297 0.0277778 0.0567568
2 0.379085 0.494595 0.00980392 0.140541
2 0.348448 0.493243 0.0155229 0.175676
2 0.29616 0.490541 0.0269608 0.240541
2 0.360294 0.493243 0.0130719 0.164865
10 0.570261 0.533784 0.0228758 0.0459459
2 0.393791 0.494595 0.00816993 0.124324
10 0.569036 0.532432 0.0220588 0.0378378
2 0.33415 0.491892 0.0179739 0.194595
10 0.568219 0.532432 0.0204248 0.0432432
10 0.568219 0.532432 0.0236928 0.0432432
10 0.571487 0.533784 0.0236928 0.0405405
10 0.567402 0.532432 0.0236928 0.0432432
2 0.386846 0.494595 0.00898693 0.12973
2 0.370507 0.493243 0.0106209 0.148649
2 0.316993 0.491892 0.0212418 0.216216
12 0.813725 0.591892 0.0931373 0.162162
11 0.499592 0.6 0.0874183 0.243243
5 0.507761 0.417568 0.0400327 0.267568
12 0.730801 0.591892 0.0906863 0.162162
2 0.269608 0.489189 0.0326797 0.275676
12 0.965686 0.591892 0.0686275 0.162162
2 0.187908 0.485135 0.0588235 0.381081
12 0.897059 0.591892 0.0947712 0.162162
11 0.499592 0.568919 0.0334967 0.105405
2 0.234886 0.489189 0.0433007 0.318919
2 0.120098 0.483784 0.0866013 0.47027
