3 0.571895 0.597297 0.0571895 0.0216216
19 0.403186 0.541892 0.00898693 0.0189189
19 0.397059 0.545946 0.00980392 0.0216216
19 0.389297 0.548649 0.0106209 0.0216216
3 0.548203 0.555405 0.0457516 0.0135135
7 0.310458 0.714865 0.27451 0.148649
7 0.65482 0.714865 0.522059 0.148649
1 0.825163 0.308108 0.349673 0.616216
17 0.23652 0.678378 0.0890523 0.156757
7 0.5 0.394595 1 0.789189
2 0.17116 0.483784 0.0661765 0.405405
2 0.367647 0.491892 0.0114379 0.151351
17 0.127042 0.759459 0.167484 0.254054
8 0.376225 0.581081 0.0890523 0.0324324
10 0.56781 0.531081 0.0196078 0.0459459
2 0.311275 0.489189 0.0228758 0.221622
2 0.329657 0.490541 0.0187908 0.202703
2 0.377042 0.493243 0.0106209 0.143243
17 0.332516 0.610811 0.0392157 0.0864865
17 0.295752 0.637838 0.0555556 0.113514
10 0.569444 0.531081 0.0212418 0.0405405
2 0.289216 0.487838 0.0277778 0.251351
2 0.344771 0.490541 0.0163399 0.181081
2 0.223039 0.486486 0.0473856 0.335135
2 0.392157 0.491892 0.00816993 0.124324
2 0.385212 0.493243 0.00898693 0.132432
2 0.260621 0.487838 0.0359477 0.289189
7 0.402778 0.613514 0.129085 0.0540541
5 0.889297 0.487838 0.00735294 0.391892
5 0.513072 0.374324 0.0604575 0.408108
18 0.35335 0.42027 0.0106209 0.0945946
12 0.604575 0.527027 0.0294118 0.0540541
12 0.6875 0.527027 0.0302288 0.0540541
5 0.351307 0.490541 0.00326797 0.256757
18 0.898693 0.378378 0.0245098 0.151351
12 0.660131 0.527027 0.0294118 0.0540541
5 0.272876 0.37027 0.187908 0.740541
12 0.632353 0.527027 0.0294118 0.0540541
12 0.576797 0.527027 0.0294118 0.0540541
11 0.441993 0.536486 0.0392157 0.0837838
11 0.499592 0.57973 0.0400327 0.127027
11 0.499183 0.62027 0.106209 0.294595
9 0.409722 0.481081 0.0106209 0.0324324
5 0.409722 0.52027 0.000816993 0.110811
