19 0.0339052 0.72973 0.0678105 0.12973
3 0.537173 0.55 0.0285948 0.00810811
12 0.676062 0.602703 0.0923203 0.0486486
8 0.210376 0.693243 0.386438 0.224324
19 0.609069 0.574324 0.0400327 0.0621622
19 0.126225 0.675676 0.0694444 0.0918919
7 0.566176 0.605405 0.22549 0.0378378
19 0.196487 0.641892 0.0498366 0.072973
12 0.960784 0.877027 0.0784314 0.245946
7 0.545752 0.575676 0.155229 0.0216216
10 0.618873 0.406757 0.134804 0.375676
7 0.438725 0.575676 0.0735294 0.0216216
2 0.0833333 0.481081 0.104575 0.524324
2 0.286356 0.489189 0.0285948 0.254054
2 0.355801 0.491892 0.0138889 0.167568
2 0.309232 0.490541 0.0236928 0.224324
2 0.21732 0.487838 0.0490196 0.343243
2 0.39134 0.494595 0.00816993 0.124324
2 0.163399 0.485135 0.0686275 0.413514
2 0.375817 0.493243 0.00980392 0.143243
12 0.730801 0.663514 0.0531046 0.0837838
12 0.667075 0.617568 0.0302288 0.0567568
12 0.876225 0.77027 0.129902 0.167568
17 0.368873 0.587838 0.0253268 0.0675676
2 0.366422 0.493243 0.0122549 0.154054
2 0.256944 0.489189 0.0367647 0.291892
12 0.693627 0.636486 0.0392157 0.0675676
12 0.785948 0.705405 0.0784314 0.113514
2 0.343137 0.491892 0.0163399 0.183784
2 0.327614 0.490541 0.0196078 0.202703
10 0.806373 0.602703 0.101307 0.345946
10 0.696078 0.563514 0.0539216 0.218919
10 0.706699 0.566216 0.0588235 0.22973
10 0.832925 0.612162 0.113562 0.381081
10 0.686275 0.560811 0.0506536 0.208108
10 0.747141 0.581081 0.0743464 0.275676
10 0.865196 0.622973 0.129085 0.418919
10 0.731618 0.575676 0.0678105 0.259459
10 0.783497 0.594595 0.0898693 0.318919
10 0.763889 0.586486 0.0816993 0.297297
10 0.904412 0.639189 0.150327 0.467568
17 0.397876 0.567568 0.0163399 0.0486486
17 0.407271 0.559459 0.0138889 0.0432432
17 0.385212 0.577027 0.0204248 0.0567568
10 0.718546 0.571622 0.0629085 0.245946
10 0.662582 0.551351 0.0424837 0.178378
17 0.41585 0.554054 0.0114379 0.0378378
10 0.931781 0.656757 0.136438 0.52973
10 0.669935 0.554054 0.0457516 0.189189
10 0.677696 0.558108 0.0482026 0.197297
10 0.674428 0.55 0.0482026 0.17027
5 0.425245 0.381081 0.0596405 0.394595
5 0.573529 0.491892 0.00326797 0.297297
18 0.574755 0.406757 0.0122549 0.116216
5 0.649101 0.494595 0.00245098 0.151351
11 0.435049 0.547297 0.0433007 0.0837838
11 0.5 0.709459 0.348039 0.581081
18 0.653186 0.452703 0.00735294 0.0567568
5 0.426879 0.494595 0.000816993 0.124324
18 0.427288 0.460811 0.00490196 0.0459459
