19 0.0441176 0.72027 0.0882353 0.121622
19 0.206291 0.639189 0.0465686 0.0675676
19 0.14134 0.671622 0.0653595 0.0891892
3 0.540441 0.564865 0.0220588 0.0108108
8 0.606618 0.633784 0.13317 0.0675676
6 0.451797 0.62973 0.0277778 0.0486486
7 0.443627 0.572973 0.0653595 0.0162162
7 0.802288 0.835135 0.111111 0.0540541
19 0.581699 0.563514 0.0196078 0.0135135
8 0.298611 0.633784 0.169118 0.06756766 0.416258 0.721622 0.0678105 0.135135
7 0.394608 0.62973 0.133987 0.0486486

6 0.203023 0.895946 0.406046 0.208108
7 0.426471 0.593243 0.0882353 0.0243243
7 0.501634 0.62973 0.116013 0.0486486
19 0.793301 0.721622 0.156863 0.113514
10 0.811275 0.656757 0.112745 0.216216
10 0.627451 0.563514 0.0375817 0.072973
12 0.809232 0.572973 0.0727124 0.124324
10 0.753268 0.62027 0.101307 0.143243

10 0.78268 0.645946 0.112745 0.178378
12 0.74469 0.572973 0.0710784 0.124324
10 0.75817 0.624324 0.0816993 0.162162
10 0.629085 0.564865 0.0424837 0.0702703
10 0.620507 0.559459 0.0400327 0.0810811
10 0.635621 0.568919 0.0441176 0.0783784
10 0.632761 0.566216 0.0465686 0.0837838
8 0.35866 0.595946 0.106209 0.0405405
12 0.611928 0.544595 0.0424837 0.0783784
12 0.680147 0.572973 0.0694444 0.124324
8 0.390523 0.572973 0.0767974 0.027027
10 0.625 0.562162 0.0441176 0.0648649
10 0.77165 0.633784 0.0841503 0.154054
10 0.736928 0.62027 0.0898693 0.143243
8 0.573938 0.595946 0.0874183 0.0405405
12 0.652369 0.544595 0.0433007 0.0783784
10 0.61969 0.559459 0.0318627 0.0648649
10 0.585784 0.541892 0.0277778 0.0459459
10 0.580882 0.541892 0.0294118 0.0513514
12 0.607843 0.532432 0.0294118 0.0540541
10 0.579657 0.540541 0.0285948 0.0540541
2 0.395833 0.497297 0.00735294 0.118919
12 0.579657 0.532432 0.0285948 0.0540541
10 0.58415 0.543243 0.0277778 0.0540541
10 0.582516 0.540541 0.0261438 0.0432432
10 0.580474 0.540541 0.0236928 0.0540541
10 0.57884 0.539189 0.0236928 0.0459459
2 0.248366 0.490541 0.0392157 0.3
2 0.206291 0.489189 0.0531046 0.356757
2 0.339461 0.494595 0.0171569 0.189189
2 0.0580065 0.482432 0.116013 0.559459
2 0.382353 0.495946 0.00980392 0.137838
2 0.363971 0.494595 0.0122549 0.156757
2 0.303922 0.493243 0.0245098 0.22973
2 0.27982 0.491892 0.0302288 0.264865
2 0.389706 0.495946 0.00816993 0.127027
2 0.147467 0.485135 0.0759804 0.435135
2 0.323529 0.493243 0.0196078 0.208108
2 0.373775 0.494595 0.0106209 0.145946
2 0.352941 0.494595 0.0147059 0.172973
11 0.499592 0.595946 0.0825163 0.22973
12 0.930964 0.685135 0.138072 0.321622
11 0.499592 0.567568 0.0318627 0.102703
5 0.509395 0.404054 0.0482026 0.321622
