19 0.0788399 0.7 0.0857843 0.108108
19 0.227533 0.627027 0.0416667 0.0648649
19 0.266748 0.608108 0.0318627 0.0540541
19 0.295752 0.594595 0.0261438 0.0432432
19 0.169526 0.655405 0.0563725 0.0783784
1 0.811683 0.393243 0.376634 0.435135
6 0.42402 0.698649 0.0571895 0.110811
6 0.454248 0.621622 0.0261438 0.0432432
7 0.500817 0.587838 0.0751634 0.0243243
19 0.648284 0.612162 0.0498366 0.0351351
6 0.223856 0.877027 0.385621 0.245946
7 0.502859 0.698649 0.193627 0.110811
6 0.466912 0.587838 0.0155229 0.0243243
19 0.569036 0.551351 0.0155229 0.0108108
19 0.726307 0.67027 0.101307 0.0702703
19 0.918301 0.87973 0.163399 0.240541
6 0.473856 0.568919 0.0114379 0.0135135
19 0.606618 0.577027 0.0285948 0.0189189
8 0.55433 0.568919 0.0629085 0.0243243
8 0.599265 0.624324 0.123366 0.0648649
8 0.570261 0.589189 0.0833333 0.0378378
19 0.586193 0.563514 0.0204248 0.0135135
8 0.310458 0.624324 0.155229 0.0648649
7 0.42933 0.587838 0.0841503 0.0243243
7 0.501225 0.621622 0.10866 0.0432432
8 0.18219 0.705405 0.315359 0.145946
8 0.363971 0.589189 0.10049 0.0378378
7 0.444853 0.568919 0.0629085 0.0135135
8 0.670752 0.705405 0.23366 0.145946
7 0.401144 0.621622 0.124183 0.0432432
7 0.330065 0.698649 0.23366 0.110811
10 0.721814 0.606757 0.0710784 0.121622
10 0.701389 0.594595 0.0629085 0.108108
10 0.928922 0.733784 0.142157 0.267568
10 0.707925 0.601351 0.0776144 0.132432
8 0.393791 0.568919 0.0735294 0.0243243
10 0.955065 0.77027 0.0898693 0.318919
10 0.903595 0.698649 0.161765 0.262162
10 0.70098 0.6 0.0571895 0.108108
10 0.934232 0.748649 0.131536 0.367568
10 0.64665 0.572973 0.0498366 0.0972973
10 0.727533 0.613514 0.0792484 0.151351
10 0.644608 0.57027 0.0522876 0.0918919
10 0.599673 0.547297 0.0261438 0.0621622
10 0.598448 0.548649 0.0351307 0.0648649
10 0.603758 0.551351 0.0375817 0.0648649
10 0.647059 0.571622 0.0522876 0.0945946
10 0.653186 0.577027 0.0465686 0.0945946
10 0.600899 0.548649 0.0351307 0.0648649
10 0.65768 0.575676 0.0571895 0.0918919
10 0.734477 0.618919 0.0702614 0.151351
10 0.642565 0.57027 0.0482026 0.0918919
10 0.662582 0.57973 0.0441176 0.0891892
10 0.746324 0.624324 0.0955882 0.151351
2 0.393791 0.494595 0.00816993 0.124324
10 0.586193 0.540541 0.0302288 0.0486486
10 0.580474 0.539189 0.0302288 0.0567568
12 0.899918 0.544595 0.0367647 0.0783784
10 0.57067 0.537838 0.0236928 0.0486486
10 0.572712 0.539189 0.0261438 0.0405405
10 0.609477 0.552703 0.0392157 0.0675676
10 0.567402 0.535135 0.0236928 0.0378378
10 0.581291 0.539189 0.0253268 0.0513514
10 0.587418 0.540541 0.0228758 0.0540541
10 0.584559 0.540541 0.0236928 0.0540541
10 0.608252 0.552703 0.0367647 0.0675676
2 0.386846 0.494595 0.00898693 0.12973
10 0.569444 0.537838 0.0245098 0.0486486
12 0.970997 0.552703 0.0498366 0.0945946
10 0.567402 0.535135 0.0204248 0.0378378
10 0.581291 0.539189 0.0269608 0.0405405
12 0.932598 0.547297 0.0433007 0.0837838
10 0.582108 0.541892 0.0285948 0.0567568
10 0.602941 0.55 0.0343137 0.0513514
10 0.567402 0.536486 0.0236928 0.0459459
10 0.57067 0.536486 0.0253268 0.0405405
2 0.379085 0.494595 0.00980392 0.140541
2 0.370507 0.493243 0.0106209 0.148649
2 0.296569 0.490541 0.0261438 0.240541
2 0.31781 0.491892 0.0212418 0.216216
2 0.270425 0.490541 0.0326797 0.272973
2 0.334559 0.491892 0.0171569 0.194595
2 0.360294 0.493243 0.0130719 0.159459
2 0.236111 0.487838 0.0424837 0.316216
2 0.189951 0.486486 0.0580065 0.378378
2 0.348448 0.493243 0.0155229 0.175676
11 0.499592 0.545946 0.0220588 0.0702703
9 0.434232 0.487838 0.00735294 0.0243243
2 0.123366 0.483784 0.0849673 0.464865
11 0.499592 0.562162 0.0547386 0.151351
5 0.51348 0.421622 0.0383987 0.254054
5 0.5625 0.437838 0.280229 0.875676
