6 0.330065 0.859459 0.19281 0.281081
7 0.497958 0.582432 0.0710784 0.0189189
6 0.466095 0.582432 0.0138889 0.0189189
6 0.472222 0.566216 0.00980392 0.0135135
7 0.498775 0.610811 0.0988562 0.0378378
7 0.500408 0.674324 0.16585 0.0891892
6 0.431781 0.674324 0.0449346 0.0891892
6 0.455065 0.610811 0.0228758 0.0378378
10 0.060866 0.724324 0.10049 0.0702703
3
10 0.109477 0.256757 0.218954 0.513514
10 0.125408 0.243243 0.156046 0.4
10 0.215686 0.290541 0.191176 0.413514

8 0.369281 0.585135 0.0931373 0.0351351
10 0.0314542 0.756757 0.0629085 0.09729737 8 0.395833 0.566216 0.0694444 0.0243243
8 0.563317 0.583784 0.0776144 0.0324324
7 0.406046 0.610811 0.112745 0.0378378
8 0.588644 0.614865 0.111928 0.0567568
8 0.322304 0.614865 0.139706 0.0567568
8 0.22018 0.681081 0.262255 0.118919
10 0.25 0.333784 0.133987 0.332432
10 0.106618 0.695946 0.0857843 0.0675676
10 0.0972222 0.710811 0.0931373 0.0756757
7 0.444853 0.566216 0.0596405 0.0135135
10 0.0669935 0.706757 0.0931373 0.072973
10 0.0718954 0.709459 0.0931373 0.0675676
10 0.0477941 0.72027 0.0955882 0.0675676
10 0.142157 0.266216 0.158497 0.408108
10 0.0494281 0.735135 0.0596405 0.0594595
7 0.497141 0.554054 0.0449346 0.0108108
10 0.0138889 0.741892 0.0277778 0.0837838
7 0.45384 0.554054 0.0482026 0.0108108
10 0.130719 0.710811 0.0522876 0.0702703
10 0.113971 0.709459 0.0334967 0.0675676
10 0.0302288 0.72973 0.0522876 0.0540541
10 0.0539216 0.731081 0.104575 0.0783784
10 0.063317 0.721622 0.0727124 0.0432432
10 0.232026 0.631081 0.0490196 0.0351351
10 0.0894608 0.706757 0.0580065 0.0513514
10 0.282271 0.617568 0.0334967 0.0297297
10 0.10866 0.702703 0.0620915 0.0432432
10 0.281863 0.62027 0.0163399 0.0351351
10 0.276144 0.624324 0.0457516 0.027027
10 0.3125 0.601351 0.0367647 0.0243243
10 0.281046 0.608108 0.0163399 0.027027
10 0.296977 0.610811 0.0334967 0.027027
10 0.243873 0.608108 0.0383987 0.027027
10 0.337827 0.586486 0.0171569 0.0216216
10 0.140931 0.643243 0.0514706 0.027027
10 0.260212 0.618919 0.0253268 0.027027
10 0.297794 0.602703 0.0302288 0.027027
10 0.333333 0.589189 0.0326797 0.0216216
10 0.330474 0.590541 0.0334967 0.0243243
10 0.332108 0.582432 0.0106209 0.0243243
10 0.319036 0.593243 0.0302288 0.0243243
10 0.189542 0.637838 0.0424837 0.0378378
10 0.200572 0.624324 0.0400327 0.027027
10 0.308007 0.601351 0.0359477 0.0243243
10 0.354984 0.578378 0.0285948 0.0216216
10 0.305147 0.589189 0.0318627 0.0216216
10 0.188725 0.635135 0.0473856 0.0324324
10 0.176062 0.644595 0.0236928 0.0351351
10 0.27982 0.609459 0.0187908 0.0297297
10 0.330474 0.585135 0.0155229 0.0243243
10 0.284722 0.597297 0.0106209 0.0216216
10 0.22018 0.62027 0.0269608 0.0351351
10 0.301471 0.595946 0.0359477 0.0243243
10 0.340278 0.583784 0.0302288 0.0216216
10 0.304739 0.601351 0.0261438 0.0297297
10 0.186275 0.645946 0.0473856 0.0432432
10 0.265114 0.604054 0.0204248 0.0243243
10 0.284722 0.6 0.0367647 0.027027
10 0.327614 0.587838 0.0261438 0.0189189
10 0.285948 0.606757 0.0359477 0.0243243
10 0.3125 0.590541 0.0318627 0.0243243
10 0.175245 0.633784 0.0400327 0.0297297
10 0.120507 0.651351 0.0547386 0.0324324
10 0.154003 0.640541 0.0498366 0.0378378
10 0.146242 0.641892 0.0424837 0.0351351
10 0.350899 0.574324 0.0253268 0.0189189
10 0.239379 0.625676 0.0245098 0.0297297
10 0.321078 0.582432 0.0228758 0.0189189
10 0.357435 0.574324 0.0187908 0.0189189
10 0.303922 0.585135 0.0228758 0.0189189
10 0.261438 0.608108 0.0343137 0.0216216
10 0.330882 0.57973 0.0196078 0.0189189
10 0.177696 0.62973 0.0351307 0.0324324
10 0.302696 0.594595 0.0302288 0.0216216
10 0.261029 0.610811 0.0220588 0.027027
10 0.265931 0.610811 0.0351307 0.0216216
10 0.27451 0.6 0.0212418 0.0216216
10 0.291258 0.587838 0.0285948 0.0189189
10 0.265931 0.604054 0.0302288 0.0243243
10 0.217729 0.617568 0.0383987 0.0297297
10 0.276552 0.602703 0.0334967 0.0216216
10 0.355801 0.574324 0.0138889 0.0189189
10 0.252859 0.606757 0.0138889 0.0243243
10 0.316993 0.591892 0.0228758 0.0216216
10 0.224265 0.622973 0.0400327 0.0297297
10 0.312908 0.587838 0.0130719 0.0189189
10 0.30719 0.594595 0.0196078 0.0216216
10 0.225082 0.625676 0.0155229 0.0297297
10 0.312908 0.583784 0.0212418 0.0216216
10 0.265114 0.6 0.0122549 0.0216216
10 0.328431 0.587838 0.0277778 0.0189189
10 0.36152 0.564865 0.0138889 0.0162162
10 0.395425 0.555405 0.0196078 0.0135135
10 0.36969 0.558108 0.0204248 0.0135135
10 0.390931 0.558108 0.0204248 0.0135135
10 0.383987 0.560811 0.0212418 0.0135135
10 0.381944 0.559459 0.0204248 0.0162162
10 0.36683 0.566216 0.00980392 0.0135135
10 0.363154 0.567568 0.0220588 0.0162162
10 0.394608 0.558108 0.0196078 0.0135135
10 0.367647 0.562162 0.0179739 0.0162162
10 0.349265 0.57027 0.0253268 0.0162162
10 0.374592 0.57027 0.0220588 0.0162162
10 0.384804 0.555405 0.0196078 0.0135135
10 0.349265 0.568919 0.00898693 0.0189189
10 0.378676 0.556757 0.0187908 0.0162162
10 0.365196 0.558108 0.0179739 0.0135135
10 0.350082 0.564865 0.0220588 0.0162162
10 0.376225 0.559459 0.0155229 0.0162162
10 0.372141 0.558108 0.0204248 0.0135135
10 0.344771 0.563514 0.0114379 0.0135135
10 0.331699 0.567568 0.0228758 0.0162162
10 0.352941 0.562162 0.0114379 0.0162162
10 0.30719 0.582432 0.0261438 0.0189189
10 0.318219 0.571622 0.0236928 0.0189189
10 0.28268 0.585135 0.0261438 0.0189189
10 0.309641 0.582432 0.0147059 0.0189189
10 0.329657 0.577027 0.0253268 0.0135135
10 0.330882 0.572973 0.0245098 0.0162162
10 0.357843 0.560811 0.0212418 0.0135135
10 0.33415 0.57027 0.0114379 0.0162162
10 0.366422 0.560811 0.0155229 0.0135135
10 0.340686 0.568919 0.0228758 0.0135135
10 0.330474 0.578378 0.0253268 0.0162162
10 0.313725 0.575676 0.0196078 0.0162162
10 0.323529 0.572973 0.0228758 0.0162162
10 0.347222 0.57027 0.00980392 0.0162162
10 0.340686 0.572973 0.0212418 0.0162162
10 0.341912 0.571622 0.0220588 0.0135135
10 0.334967 0.57027 0.0114379 0.0162162
10 0.298203 0.578378 0.0196078 0.0162162
10 0.328023 0.575676 0.00735294 0.0162162
10 0.310458 0.581081 0.0245098 0.0162162
10 0.300245 0.578378 0.0236928 0.0162162
10 0.308007 0.577027 0.0245098 0.0135135
10 0.315359 0.572973 0.0228758 0.0162162
10 0.324755 0.57027 0.0220588 0.0162162
10 0.412582 0.548649 0.0163399 0.0108108
10 0.400735 0.551351 0.0171569 0.0108108
10 0.402778 0.551351 0.0179739 0.0108108
10 0.388889 0.55 0.00816993 0.0135135
10 0.403595 0.545946 0.0130719 0.0108108
10 0.358252 0.564865 0.0187908 0.0162162
10 0.350082 0.562162 0.0122549 0.0162162
10 0.389297 0.552703 0.0171569 0.0135135
10 0.39951 0.55 0.00980392 0.0135135
10 0.35335 0.560811 0.0187908 0.0135135
10 0.411356 0.547297 0.0155229 0.00810811
10 0.362745 0.558108 0.0179739 0.0135135
10 0.377859 0.556757 0.00898693 0.0108108
10 0.370915 0.559459 0.0179739 0.0108108
10 0.34518 0.567568 0.0204248 0.0162162
10 0.408905 0.55 0.00898693 0.0135135
10 0.340278 0.566216 0.0204248 0.0135135
10 0.40768 0.543243 0.0130719 0.0108108
10 0.372958 0.563514 0.0187908 0.0135135
10 0.363154 0.563514 0.0204248 0.0135135
10 0.347631 0.566216 0.0187908 0.0135135
10 0.409722 0.543243 0.0155229 0.0108108
10 0.391748 0.545946 0.0122549 0.0108108
10 0.381536 0.545946 0.0147059 0.0108108
10 0.391748 0.548649 0.0155229 0.0108108
10 0.391748 0.545946 0.0155229 0.0108108
10 0.401144 0.543243 0.0114379 0.0108108
10 0.410948 0.544595 0.0130719 0.00810811
10 0.355801 0.558108 0.0155229 0.0135135
10 0.372549 0.554054 0.0163399 0.0108108
10 0.350899 0.556757 0.0122549 0.0108108
10 0.366422 0.552703 0.0138889 0.0135135
10 0.379902 0.548649 0.00980392 0.0108108
10 0.346814 0.558108 0.00735294 0.0135135
10 0.36683 0.552703 0.0114379 0.0135135
10 0.378268 0.55 0.0114379 0.0135135
10 0.553513 0.551351 0.0171569 0.0108108
10 0.555147 0.554054 0.0171569 0.0108108
10 0.562092 0.552703 0.00980392 0.0135135
10 0.548611 0.552703 0.00898693 0.0135135
10 0.377859 0.55 0.0155229 0.00810811
10 0.555556 0.555405 0.0147059 0.0135135
10 0.364788 0.552703 0.0122549 0.0135135
10 0.5625 0.547297 0.0138889 0.00810811
10 0.567402 0.548649 0.0155229 0.0108108
10 0.530229 0.554054 0.0163399 0.0108108
10 0.525735 0.545946 0.0155229 0.0108108
10 0.531454 0.545946 0.0122549 0.0108108
10 0.372958 0.554054 0.0171569 0.0108108
10 0.360703 0.554054 0.0171569 0.0108108
10 0.536356 0.548649 0.0155229 0.0108108
10 0.555147 0.548649 0.0155229 0.0108108
10 0.526144 0.545946 0.0130719 0.0108108
10 0.539624 0.547297 0.0155229 0.00810811
10 0.36969 0.551351 0.0155229 0.0108108
10 0.540033 0.552703 0.0147059 0.0135135
10 0.532271 0.55 0.0138889 0.0135135
10 0.573529 0.551351 0.0163399 0.0108108
10 0.547386 0.551351 0.0163399 0.0108108
10 0.374183 0.554054 0.0163399 0.0108108
10 0.544118 0.545946 0.0114379 0.0108108
10 0.377451 0.551351 0.00980392 0.0108108
10 0.364379 0.556757 0.0163399 0.0108108
10 0.542075 0.548649 0.0106209 0.0108108
10 0.543709 0.545946 0.0122549 0.0108108
10 0.57598 0.555405 0.0179739 0.0135135
10 0.553922 0.556757 0.0179739 0.0108108
10 0.558824 0.556757 0.0179739 0.0108108
10 0.531863 0.555405 0.0179739 0.0135135
10 0.535948 0.556757 0.0179739 0.0108108
10 0.55433 0.556757 0.0171569 0.0108108
10 0.573938 0.556757 0.0106209 0.0108108
10 0.568219 0.560811 0.0187908 0.0135135
110 0.566993 0.558108 0.0179739 0.0135135
10 0.538399 0.555405 0.0114379 0.0135135
10 0.575572 0.562162 0.0106209 0.0162162
10 0.55719 0.560811 0.0163399 0.0135135
10 0.545752 0.563514 0.0163399 0.0135135
10 0.585784 0.575676 0.0212418 0.016216210 0.553922 0.568919 0.0212418 0.0135135
10 0.569853 0.572973 0.0220588 0.0162162
10 0.542484 0.574324 0.0196078 0.0189189
10 0.55433 0.568919 0.00735294 0.0189189
10 0.586193 0.567568 0.0171569 0.0162162

10 0.584967 0.566216 0.0196078 0.0135135
10 0.566176 0.582432 0.0261438 0.0189189
10 0.616013 0.582432 0.0212418 0.0189189
10 0.621324 0.597297 0.0155229 0.027027

10 0.5625 0.582432 0.0204248 0.0189189
10 0.647876 0.617568 0.0310458 0.0297297
10 0.633578 0.628378 0.0367647 0.0351351
10 0.615196 0.57973 0.0228758 0.0189189
10 0.581291 0.606757 0.0334967 0.0243243
10 0.619281 0.604054 0.0326797 0.0243243
10 0.538399 0.564865 0.0196078 0.0162162
10 0.613562 0.62027 0.0392157 0.0297297
10 0.5625 0.585135 0.0253268 0.0189189
10 0.563317 0.601351 0.0318627 0.0243243
10 0.597631 0.595946 0.0285948 0.0243243
10 0.571487 0.594595 0.0302288 0.0216216
10 0.57884 0.572973 0.0122549 0.0162162
10 0.658497 0.628378 0.0424837 0.0297297
10 0.593954 0.601351 0.0310458 0.0243243
10 0.641748 0.612162 0.0187908 0.0297297
10 0.589461 0.590541 0.0285948 0.0189189
10 0.560049 0.571622 0.0220588 0.0189189
10 0.546977 0.583784 0.0204248 0.0216216
10 0.564134 0.57973 0.0253268 0.0189189
10 0.616013 0.595946 0.0245098 0.0243243
10 0.621324 0.622973 0.0318627 0.0351351
10 0.600899 0.612162 0.0318627 0.0297297
10 0.579657 0.598649 0.0269608 0.0243243
10 0.560866 0.586486 0.0269608 0.0216216
10 0.633987 0.633784 0.0441176 0.0297297
10 0.543709 0.578378 0.0253268 0.0162162
10 0.55719 0.589189 0.0196078 0.0216216
10 0.570261 0.577027 0.0212418 0.0189189
10 0.677288 0.637838 0.0441176 0.0324324
10 0.697304 0.664865 0.0187908 0.0486486
10 0.552696 0.587838 0.00898693 0.0243243
10 0.561683 0.577027 0.0187908 0.0189189
10 0.623366 0.632432 0.0343137 0.0378378
10 0.678513 0.632432 0.0269608 0.0378378
10 0.738154 0.666216 0.0580065 0.0405405
10 0.663807 0.712162 0.0694444 0.0567568
10 0.696078 0.675676 0.0571895 0.0540541
10 0.710376 0.768919 0.0482026 0.0945946
10 0.734477 0.751351 0.0849673 0.0756757
10 0.707108 0.678378 0.0334967 0.0540541
10 0.639706 0.674324 0.0555556 0.0513514
10 0.675654 0.698649 0.0653595 0.0567568
10 0.77451 0.754054 0.0506536 0.0864865
10 0.678922 0.725676 0.0653595 0.0675676
10 0.765523 0.709459 0.0735294 0.0567568
10 0.724673 0.739189 0.0588235 0.0783784
10 0.643791 0.698649 0.0310458 0.0621622
10 0.642565 0.722973 0.0710784 0.072973

10 0.715686 0.695946 0.0326797 0.0621622
10 0.754493 0.758108 0.0874183 0.0891892
5 0.350899 0.535135 0.00245098 0.172973
5 0.588235 0.559459 0.00326797 0.286486

10 0.943219 0.913514 0.113562 0.12973
11 0.497549 0.537838 0.0718954 0.0918919
9 0.588235 0.456757 0.0261438 0.0864865
10 0.938725 0.825676 0.122549 0.127027
10 0.882761 0.862162 0.128268 0.108108

5 0.588644 0.489189 0.355392 0.978378
9 0.0702614 0.425676 0.0490196 0.148649
10 0.823529 0.805405 0.0898693 0.0972973
10 0.984069 0.886486 0.0318627 0.140541
10 0.925245 0.92027 0.14951 0.159459
9 0.350899 0.474324 0.0155229 0.0513514
