19 0.159722 0.659459 0.0596405 0.0810811
19 0.0690359 0.704054 0.0890523 0.110811
19 0.218546 0.631081 0.0433007 0.0675676
12 0.656046 0.609459 0.0277778 0.0513514
12 0.710784 0.651351 0.0457516 0.0756757
12 0.930147 0.825676 0.139706 0.218919
2 0.386846 0.494595 0.00898693 0.12973
12 0.67933 0.627027 0.0351307 0.0594595
7 0.440359 0.571622 0.0702614 0.0189189
10 0.611928 0.412162 0.127451 0.354054
2 0.393382 0.494595 0.00735294 0.124324
7 0.542892 0.571622 0.14951 0.0189189
8 0.236111 0.677027 0.339869 0.197297
12 0.756127 0.683784 0.0645425 0.0972973
19 0.602941 0.57027 0.0375817 0.0594595
3 0.535948 0.55 0.0277778 0.00810811
7 0.453431 0.555405 0.0539216 0.0135135
12 0.826389 0.733784 0.10049 0.137838
12 0.666258 0.595946 0.0857843 0.0459459
7 0.500408 0.555405 0.0498366 0.0135135
2 0.188725 0.486486 0.0588235 0.378378
2 0.296569 0.490541 0.0261438 0.240541
2 0.270016 0.489189 0.0334967 0.275676
2 0.360294 0.491892 0.0130719 0.162162
2 0.235703 0.489189 0.0433007 0.318919
2 0.348448 0.493243 0.0155229 0.175676
2 0.316993 0.491892 0.0212418 0.216216
2 0.33415 0.491892 0.0179739 0.194595
2 0.370098 0.493243 0.0114379 0.148649
2 0.379085 0.494595 0.00980392 0.140541
10 0.775735 0.591892 0.0874183 0.313514
17 0.42402 0.548649 0.00980392 0.0324324
10 0.741013 0.578378 0.0718954 0.27027
17 0.374592 0.582432 0.0236928 0.0621622
10 0.726716 0.574324 0.0661765 0.251351
10 0.702614 0.566216 0.0571895 0.224324
10 0.691993 0.563514 0.0539216 0.213514
10 0.682598 0.558108 0.0498366 0.202703
10 0.756944 0.585135 0.0792484 0.289189
17 0.400735 0.564865 0.0155229 0.0486486
10 0.797386 0.598649 0.0964052 0.337838
17 0.417892 0.554054 0.0106209 0.0378378
10 0.666667 0.554054 0.0441176 0.183784
10 0.823121 0.608108 0.10866 0.367568
10 0.659722 0.551351 0.0416667 0.178378
10 0.674428 0.556757 0.0465686 0.194595
17 0.410131 0.558108 0.0130719 0.0405405
10 0.713644 0.57027 0.0612745 0.237838
10 0.852533 0.618919 0.123366 0.405405
17 0.389297 0.572973 0.0187908 0.0540541
10 0.653186 0.55 0.0400327 0.17027
2 0.122141 0.483784 0.0857843 0.47027
11 0.5 0.721622 0.248366 0.556757
5 0.568627 0.490541 0.00326797 0.278378
5 0.643791 0.494595 0.00163399 0.145946
18 0.569444 0.413514 0.0114379 0.108108
5 0.428105 0.495946 0.00163399 0.121622
18 0.428922 0.460811 0.00490196 0.0459459
10 0.925245 0.65 0.14951 0.505405
18 0.647467 0.454054 0.00735294 0.0540541
10 0.888889 0.632432 0.142157 0.448649
11 0.499183 0.659459 0.0784314 0.254054
5 0.427288 0.385135 0.0571895 0.381081
10 0.944853 0.671622 0.110294 0.575676
