7 0.597222 0.612162 0.0277778 0.00810811
19 0.224265 0.621622 0.0236928 0.0486486
10 0.582516 0.42027 0.107843 0.310811
12 0.918709 0.748649 0.159314 0.0918919
7 0.375408 0.586486 0.193627 0.027027
8 0.347631 0.567568 0.258987 0.0216216
7 0.38031 0.636486 0.162582 0.072973
19 0.582516 0.563514 0.0326797 0.0513514
7 0.552696 0.586486 0.18219 0.027027
6 0.395833 0.766216 0.0923203 0.191892
12 0.991422 0.748649 0.0171569 0.0918919
7 0.262663 0.766216 0.345588 0.191892
7 0.501225 0.636486 0.134804 0.072973
2 0.661765 0.494595 0.0326797 0.124324
12 0.0637255 0.628378 0.111111 0.235135
2 0.629902 0.494595 0.0326797 0.124324
8 0.734886 0.777027 0.34232 0.235135
12 0.642565 0.582432 0.0743464 0.0351351
7 0.501225 0.766216 0.273693 0.191892
2 0.472631 0.494595 0.0318627 0.124324
2 0.441585 0.494595 0.0318627 0.124324
2 0.504493 0.494595 0.0318627 0.124324
2 0.409722 0.494595 0.0318627 0.124324
2 0.535539 0.494595 0.0318627 0.124324
2 0.598448 0.494595 0.0318627 0.124324
10 0.719771 0.571622 0.0637255 0.240541
2 0.221405 0.494595 0.0326797 0.124324
2 0.378268 0.494595 0.0326797 0.124324
10 0.814542 0.602703 0.104575 0.351351
10 0.843546 0.614865 0.118464 0.386486
2 0.347222 0.494595 0.0326797 0.124324
10 0.768382 0.587838 0.0841503 0.3
2 0.252451 0.494595 0.0326797 0.124324
10 0.749592 0.581081 0.0759804 0.275676
10 0.734069 0.575676 0.0694444 0.259459
10 0.789216 0.595946 0.0931373 0.321622
10 0.879493 0.627027 0.136438 0.427027
17 0.476716 0.548649 0.0433007 0.0324324
2 0.284314 0.494595 0.0326797 0.124324
2 0.315359 0.494595 0.0326797 0.124324
10 0.696078 0.563514 0.0555556 0.213514
17 0.518791 0.548649 0.0441176 0.0324324
17 0.434641 0.548649 0.0441176 0.0324324
10 0.707108 0.567568 0.0596405 0.227027
10 0.636438 0.543243 0.0343137 0.151351
10 0.641748 0.545946 0.0367647 0.156757
10 0.685866 0.559459 0.0514706 0.205405
10 0.668709 0.554054 0.0449346 0.183784
10 0.631127 0.541892 0.0334967 0.143243
10 0.676879 0.556757 0.0482026 0.194595
10 0.654003 0.55 0.0400327 0.17027
12 0.639297 0.6 0.0220588 0.0432432
12 0.653595 0.609459 0.0261438 0.0513514
10 0.647467 0.545946 0.0383987 0.162162
12 0.627042 0.590541 0.0187908 0.0405405
10 0.660948 0.551351 0.0424837 0.178378
12 0.761846 0.687838 0.0661765 0.1
68
5 0.446078 0.395946 0.0114379 0.343243
10 0.935458 0.627027 0.129085 0.427027
5 0.550245 0.398649 0.223039 0.797297
12 0.693219 0.637838 0.0383987 0.0648649
12 0.722631 0.659459 0.0498366 0.0810811
12 0.818627 0.728378 0.0947712 0.132432
10 0.636029 0.539189 0.0367647 0.137838
12 0.67116 0.622973 0.0318627 0.0567568
18 0.259395 0.447297 0.00898693 0.0621622
5 0.551879 0.493243 0.00245098 0.224324
18 0.623366 0.458108 0.00653595 0.0513514
5 0.620098 0.495946 0.00163399 0.132432
11 0.579657 0.536486 0.0710784 0.0891892
11 0.337418 0.622973 0.187908 0.208108
18 0.552288 0.42973 0.00653595 0.0864865
