19 0.95384 0.906757 0.0923203 0.186486
3 0.54902 0.577027 0.0277778 0.0135135
19 0.598856 0.574324 0.0261438 0.0189189
19 0.0200163 0.748649 0.0400327 0.140541
19 0.674428 0.631081 0.0645425 0.0459459
6 0.251225 0.874324 0.335784 0.251351
7 0.334559 0.694595 0.226307 0.108108
6 0.455065 0.618919 0.0245098 0.0432432
7 0.501225 0.618919 0.107026 0.0432432
6 0.426471 0.694595 0.0539216 0.108108
7 0.402369 0.618919 0.121732 0.0432432
7 0.503268 0.694595 0.187908 0.108108
7 0.430556 0.586486 0.0833333 0.0216216
12 0.746732 0.555405 0.0571895 0.1
10 0.659314 0.577027 0.0522876 0.105405
10 0.675654 0.586486 0.0571895 0.0972973
12 0.877859 0.610811 0.113562 0.194595
8 0.569853 0.589189 0.0825163 0.0378378
8 0.365605 0.589189 0.0988562 0.0378378
10 0.660131 0.578378 0.0424837 0.0864865
10 0.926879 0.737838 0.146242 0.302703
8 0.667484 0.701351 0.227124 0.137838
10 0.681781 0.589189 0.0661765 0.113514
10 0.667892 0.583784 0.0612745 0.0864865
10 0.961601 0.755405 0.0767974 0.332432
10 0.672386 0.585135 0.0539216 0.1
7 0.446078 0.568919 0.0620915 0.0135135
8 0.598448 0.622973 0.121732 0.0621622
10 0.604167 0.55 0.0334967 0.0567568
10 0.595588 0.548649 0.0343137 0.0648649
12 0.778186 0.610811 0.110294 0.194595
8 0.313317 0.622973 0.152778 0.0621622
12 0.627859 0.537838 0.0351307 0.0648649
10 0.688725 0.593243 0.0604575 0.110811
12 0.694853 0.555405 0.0563725 0.1
12 0.594363 0.537838 0.0351307 0.0648649
8 0.395016 0.568919 0.0727124 0.0243243
8 0.189951 0.701351 0.304739 0.137838
10 0.597631 0.548649 0.0351307 0.0648649
10 0.601716 0.551351 0.0334967 0.0648649
10 0.596405 0.548649 0.0277778 0.0648649
10 0.594363 0.545946 0.0285948 0.0540541
2 0.393382 0.495946 0.00735294 0.121622
10 0.599265 0.548649 0.0318627 0.0540541
12 0.643382 0.555405 0.0547386 0.1
11 0.499592 0.563514 0.0302288 0.0945946
2 0.386438 0.494595 0.00816993 0.12973
11 0.5 0.587838 0.0751634 0.208108
2 0.315768 0.491892 0.0220588 0.216216
2 0.333333 0.493243 0.0179739 0.197297
2 0.379085 0.494595 0.00980392 0.140541
2 0.294526 0.491892 0.0269608 0.243243
2 0.359477 0.494595 0.0130719 0.162162
2 0.232026 0.489189 0.0441176 0.324324
2 0.114788 0.483784 0.0890523 0.481081
2 0.184232 0.487838 0.0612745 0.386486
2 0.370098 0.494595 0.0114379 0.151351
2 0.267565 0.490541 0.0334967 0.278378
2 0.347631 0.494595 0.0155229 0.178378
5 0.511438 0.383784 0.0571895 0.383784
