10 0.367647 0.352703 0.127451 0.694595
10 0.839869 0.213514 0.191176 0.427027
7 0.805147 0.791892 0.389706 0.145946
10 0.596814 0.182432 0.0792484 0.289189
10 0.659314 0.240541 0.20915 0.481081
7 0.51634 0.92973 0.96732 0.140541
7 0.433415 0.77027 0.492647 0.178378
7 0.685049 0.7 0.33415 0.0702703
10 0.801062 0.213514 0.201797 0.427027
10 0.681781 0.163514 0.0972222 0.327027
10 0.582925 0.15 0.0841503 0.294595
10 0.894608 0.255405 0.196078 0.445946
10 0.532271 0.190541 0.0890523 0.327027
10 0.718954 0.248649 0.171569 0.497297
10 0.957108 0.524324 0.0220588 0.027027
10 0.989788 0.566216 0.0204248 0.0405405
10 0.957516 0.521622 0.0392157 0.0324324
10 0.431373 0.333784 0.222222 0.575676
10 0.462827 0.268919 0.128268 0.381081
10 0.940359 0.528378 0.0424837 0.0243243
10 0.549837 0.185135 0.104575 0.310811
10 0.424428 0.397297 0.254085 0.616216
10 0.283497 0.47973 0.29902 0.9
10 0.957925 0.551351 0.0449346 0.0378378
10 0.462827 0.274324 0.118464 0.402703
10 0.442402 0.309459 0.164216 0.456757
10 0.231618 0.563514 0.272059 0.872973
10 0.956699 0.527027 0.0310458 0.027027
10 0.476716 0.267568 0.123366 0.351351
10 0.920343 0.52973 0.0253268 0.0216216
10 0.354984 0.525676 0.298203 0.743243
10 0.988154 0.532432 0.0236928 0.0324324
10 0.98366 0.827027 0.0326797 0.124324
10 0.98366 0.528378 0.0326797 0.0351351
10 0.981618 0.867568 0.0367647 0.108108
5 0.711193 0.344595 0.0678105 0.689189
