19 0.0163399 0.751351 0.0326797 0.145946
19 0.105392 0.685135 0.0767974 0.1
19 0.184641 0.645946 0.0522876 0.0756757
8 0.294935 0.636486 0.24183 0.137838
19 0.272876 0.604054 0.0310458 0.0513514
6 0.39665 0.768919 0.0923203 0.197297
7 0.446078 0.564865 0.0620915 0.0162162
19 0.236111 0.621622 0.0392157 0.0594595
12 0.640523 0.581081 0.0702614 0.0378378
7 0.260621 0.768919 0.349673 0.197297
7 0.504493 0.768919 0.278595 0.197297
12 0.645425 0.601351 0.0245098 0.0459459
2 0.372958 0.491892 0.0106209 0.145946
2 0.363971 0.491892 0.0122549 0.156757
2 0.388889 0.493243 0.00816993 0.127027
19 0.588644 0.560811 0.0318627 0.0513514
12 0.629493 0.590541 0.0204248 0.0405405
12 0.874592 0.77027 0.129902 0.167568
12 0.729575 0.663514 0.0539216 0.0837838
10 0.595588 0.422973 0.107843 0.305405

2 0.395016 0.493243 0.00735294 0.121622
12 0.692402 0.636486 0.0400327 0.0675676
12 0.784722 0.702703 0.0792484 0.113514
2 0.381536 0.491892 0.00980392 0.135135
17 0.418301 0.551351 0.0114379 0.0378378
17 0.424837 0.547297 0.00980392 0.0351351
17 0.390931 0.57027 0.0187908 0.0540541
17 0.401961 0.563514 0.0147059 0.0459459
17 0.410948 0.555405 0.0130719 0.0405405
2 0.00857843 0.472973 0.0171569 0.756757
2 0.352533 0.491892 0.0138889 0.172973
2 0.064951 0.47973 0.111928 0.548649
2 0.249592 0.487838 0.0383987 0.3
2 0.304739 0.490541 0.0245098 0.22973
2 0.280637 0.489189 0.0302288 0.259459
2 0.151144 0.482432 0.0735294 0.42973
17 0.429739 0.543243 0.00816993 0.0324324
2 0.339461 0.490541 0.0171569 0.186486
2 0.208742 0.485135 0.0514706 0.354054
2 0.323529 0.490541 0.0196078 0.208108
10 0.678922 0.556757 0.0490196 0.2
10 0.663807 0.552703 0.0433007 0.181081
10 0.650327 0.547297 0.0392157 0.164865
10 0.634395 0.541892 0.0334967 0.148649
10 0.656863 0.55 0.0408497 0.175676
10 0.629902 0.539189 0.0326797 0.143243
10 0.639297 0.544595 0.0351307 0.154054
10 0.67116 0.554054 0.0465686 0.189189
10 0.644608 0.544595 0.0375817 0.159459
18 0.433824 0.463514 0.00490196 0.0405405
18 0.556781 0.425676 0.00898693 0.0891892
5 0.629085 0.493243 0.00163399 0.132432
5 0.556373 0.491892 0.00326797 0.232432
10 0.917892 0.643243 0.15768 0.486486
10 0.789216 0.595946 0.0931373 0.327027
10 0.687908 0.559459 0.0522876 0.210811
10 0.698121 0.564865 0.0563725 0.221622
18 0.632353 0.458108 0.00653595 0.0513514
10 0.841912 0.614865 0.118464 0.391892
10 0.735294 0.575676 0.0702614 0.264865
5 0.434232 0.394595 0.0514706 0.340541
10 0.937908 0.662162 0.124183 0.551351
10 0.875817 0.628378 0.135621 0.435135
10 0.750817 0.582432 0.0767974 0.283784
10 0.70915 0.567568 0.0604575 0.232432
10 0.768791 0.587838 0.0849673 0.305405
5 0.433415 0.494595 0.000816993 0.113514
10 0.721405 0.572973 0.0653595 0.248649
11 0.498366 0.613514 0.0555556 0.178378
10 0.813725 0.604054 0.104575 0.359459
11 0.498775 0.648649 0.129902 0.362162
