7 0.591095 0.604054 0.0253268 0.00810811
2 0.250408 0.491892 0.0383987 0.297297
2 0.339869 0.495946 0.0163399 0.186486
2 0.281046 0.493243 0.0294118 0.256757
2 0.324346 0.494595 0.0196078 0.205405
7 0.5 0.581081 0.0669935 0.0216216
7 0.414216 0.608108 0.104575 0.0324324
6 0.459559 0.606757 0.0204248 0.0351351
2 0.152778 0.487838 0.0718954 0.424324
2 0.305147 0.493243 0.0236928 0.22973
8 0.335376 0.609459 0.128268 0.0513514
7 0.503268 0.685135 0.187908 0.121622
8 0.377042 0.582432 0.0874183 0.0297297
6 0.469363 0.57973 0.0138889 0.0189189
7 0.436275 0.581081 0.0735294 0.0216216
2 0.209559 0.490541 0.0514706 0.348649
7 0.500408 0.608108 0.0923203 0.0324324
7 0.339869 0.685135 0.230392 0.121622
4 0.800245 0.677027 0.0449346 0.213514
11 0.499592 0.559459 0.0269608 0.0864865
18 0.265114 0.37973 0.0204248 0.154054
5 0.400327 0.532432 0.00163399 0.118919
5 0.260621 0.490541 0.00653595 0.408108
17 0.214869 0.686486 0.0964052 0.162162
17 0.0935458 0.771622 0.185458 0.262162
5 0.504902 0.408108 0.0457516 0.308108
11 0.499592 0.572973 0.0596405 0.167568
2 0.068219 0.483784 0.110294 0.540541
9 0.400327 0.487838 0.0114379 0.0351351
