10 0.170752 0.609459 0.0261438 0.072973
10 0.29085 0.568919 0.0163399 0.0459459
10 0.238154 0.587838 0.0204248 0.0567568
10 0.26634 0.577027 0.0179739 0.0513514
10 0.273284 0.575676 0.0171569 0.0486486
10 0.387255 0.536486 0.00816993 0.0243243
10 0.303105 0.564865 0.0147059 0.0432432
10 0.300245 0.564865 0.0155229 0.0432432
10 0.222631 0.591892 0.0220588 0.0594595
10 0.294526 0.567568 0.0155229 0.0432432
10 0.192402 0.601351 0.0253268 0.0675676
10 0.277369 0.572973 0.0171569 0.0486486
10 0.184232 0.605405 0.0253268 0.0702703
10 0.243873 0.585135 0.0204248 0.0567568
10 0.228758 0.589189 0.0212418 0.0594595
10 0.261438 0.57973 0.0179739 0.0513514
19 0.387255 0.547297 0.00816993 0.0189189
19 0.189134 0.635135 0.0351307 0.0594595
7 0.265523 0.641892 0.0424837 0.0135135
19 0.22549 0.617568 0.0277778 0.0513514
19 0.166667 0.643243 0.0392157 0.0648649
10 0.118464 0.627027 0.0310458 0.0864865
19 0.112745 0.668919 0.0490196 0.0783784
19 0.301062 0.585135 0.0171569 0.0351351
7 0.622549 0.641892 0.0359477 0.0135135
10 0.161765 0.613514 0.0277778 0.0756757
19 0.275327 0.595946 0.0212418 0.0405405
19 0.241013 0.610811 0.0261438 0.0486486
10 0.0845588 0.639189 0.0351307 0.0945946
19 0.292484 0.589189 0.0179739 0.0378378
19 0.0772059 0.683784 0.0563725 0.0864865
10 0.106209 0.631081 0.0326797 0.0891892
10 0.0698529 0.643243 0.0367647 0.0972973
19 0.26348 0.601351 0.0220588 0.0459459
7 0.5 0.594595 0.0833333 0.027027
6 0.463235 0.594595 0.0179739 0.027027
7 0.422386 0.594595 0.0931373 0.027027
7 0.5 0.572973 0.0620915 0.0162162
1 0.707516 0.394595 0.240196 0.324324
7 0.502451 0.654054 0.153595 0.0918919
6 0.471814 0.572973 0.0122549 0.0162162
7 0.366422 0.654054 0.185458 0.0918919
8 0.558007 0.574324 0.0669935 0.0297297
12 0.796977 0.672973 0.190359 0.0918919
7 0.441176 0.572973 0.0686275 0.0162162
8 0.576389 0.597297 0.0923203 0.0432432
12 0.606618 0.562162 0.0383987 0.0216216
12 0.341503 0.541892 0.0179739 0.0783784
12 0.622958 0.586486 0.0253268 0.0432432
11 0.660948 0.517568 0.0866013 0.127027
10 0.75 0.363514 0.348039 0.727027
1 0.291258 0.416216 0.15768 0.286486
12 0.647876 0.591892 0.0375817 0.0324324
12 0.363154 0.536486 0.0138889 0.0675676
12 0.625408 0.578378 0.0318627 0.027027
12 0.656863 0.601351 0.0473856 0.0351351
12 0.35335 0.539189 0.0155229 0.072973
19 0.71201 0.662162 0.0988562 0.145946
10 0.578431 0.522973 0.0179739 0.0837838
10 0.573529 0.521622 0.0163399 0.0810811
10 0.580474 0.524324 0.0187908 0.0864865
10 0.58415 0.525676 0.0196078 0.0891892
10 0.598448 0.531081 0.0236928 0.105405
12 0.328023 0.545946 0.0204248 0.0864865
10 0.590686 0.527027 0.0212418 0.0972973
10 0.577206 0.522973 0.0171569 0.0837838
10 0.582108 0.525676 0.0187908 0.0891892
10 0.57067 0.521622 0.0155229 0.0756757
10 0.593137 0.528378 0.0212418 0.1
10 0.600899 0.52973 0.0236928 0.108108
10 0.586601 0.525676 0.0196078 0.0945946
10 0.575572 0.521622 0.0171569 0.0810811
10 0.571895 0.521622 0.0163399 0.0756757
12 0.3125 0.55 0.0236928 0.0945946
10 0.588644 0.527027 0.0204248 0.0972973
10 0.595997 0.52973 0.0220588 0.102703
12 0.573938 0.551351 0.00735294 0.0216216
10 0.686683 0.563514 0.0547386 0.213514
12 0.567402 0.547297 0.00735294 0.0189189
10 0.725899 0.574324 0.0694444 0.256757
12 0.653186 0.614865 0.0351307 0.0567568
10 0.631536 0.541892 0.0359477 0.143243
10 0.646242 0.547297 0.0408497 0.159459
10 0.761438 0.587838 0.0833333 0.294595
10 0.667075 0.555405 0.0482026 0.191892
10 0.711601 0.571622 0.0637255 0.240541
12 0.57067 0.55 0.00735294 0.0189189
12 0.936275 0.683784 0.116013 0.0648649
10 0.676879 0.558108 0.0514706 0.202703
12 0.564542 0.544595 0.00653595 0.0189189
10 0.742239 0.581081 0.0759804 0.275676
10 0.63848 0.543243 0.0383987 0.151351
12 0.687092 0.640541 0.0490196 0.0756757
10 0.877042 0.591892 0.103758 0.308108
10 0.91299 0.591892 0.107026 0.308108
10 0.840686 0.590541 0.0996732 0.310811
10 0.946895 0.591892 0.106209 0.308108
10 0.804739 0.590541 0.0964052 0.310811
12 0.587418 0.560811 0.00980392 0.0243243
12 0.582108 0.556757 0.00898693 0.0216216
10 0.963644 0.591892 0.0727124 0.308108
5 0.512255 0.385135 0.0555556 0.375676
5 0.524918 0.495946 0.000816993 0.110811
5 0.294118 0.489189 0.00490196 0.340541
18 0.297386 0.397297 0.0147059 0.12973
5 0.364379 0.32027 0.107843 0.640541
11 0.417484 0.551351 0.101307 0.124324
