7 0.718546 0.701351 0.270425 0.072973
10 0.383987 0.371622 0.111111 0.608108
7 0.603758 0.735135 0.336601 0.118919
7 0.457925 0.689189 0.321078 0.0918919
10 0.844363 0.289189 0.160948 0.383784
10 0.688725 0.271622 0.148693 0.456757
7 0.49469 0.468919 0.466503 0.937838
10 0.708742 0.290541 0.164216 0.445946
7 0.534314 0.836486 0.393791 0.202703
10 0.539216 0.317568 0.165033 0.42973
10 0.66585 0.195946 0.0849673 0.294595
10 0.754902 0.202703 0.142157 0.340541
10 0.582108 0.22973 0.0808824 0.27027
10 0.795343 0.232432 0.156046 0.410811
7 0.230801 0.817568 0.450163 0.240541
10 0.636029 0.244595 0.175654 0.478378
10 0.760621 0.228378 0.166667 0.418919
10 0.381536 0.52027 0.245098 0.581081

10 0.991422 0.597297 0.0171569 0.0378378
10 0.241422 0.62027 0.319444 0.759459
10 0.295343 0.564865 0.201797 0.681081
10 0.480392 0.293243 0.111111 0.310811
10 0.4375 0.417568 0.214869 0.5
10 0.946487 0.585135 0.0302288 0.0243243
10 0.468137 0.297297 0.114379 0.335135
10 0.329248 0.485135 0.23366 0.672973
10 0.530637 0.221622 0.0808824 0.291892
10 0.45098 0.337838 0.142157 0.389189
10 0.6875 0.171622 0.110294 0.3
10 0.54616 0.214865 0.0955882 0.278378
10 0.895833 0.264865 0.162582 0.362162
10 0.468954 0.305405 0.102941 0.351351
10 0.890523 0.544595 0.0359477 0.0297297
10 0.857843 0.527027 0.0179739 0.0216216
10 0.925654 0.556757 0.0375817 0.0324324
10 0.949755 0.562162 0.0302288 0.0324324
10 0.939542 0.574324 0.0375817 0.0297297
10 0.957925 0.568919 0.0171569 0.0351351
10 0.952206 0.583784 0.0400327 0.0378378
10 0.876634 0.524324 0.0343137 0.0216216
10 0.888072 0.524324 0.0228758 0.0216216
10 0.889297 0.521622 0.0155229 0.0216216
10 0.941176 0.57027 0.0212418 0.0324324
10 0.886029 0.774324 0.0629085 0.1
10 0.9375 0.544595 0.0318627 0.0297297
10 0.963235 0.556757 0.0212418 0.027027
10 0.949755 0.733784 0.0514706 0.0783784
10 0.870915 0.713514 0.0816993 0.0540541
10 0.917892 0.525676 0.0367647 0.0297297
10 0.816993 0.708108 0.0343137 0.0648649
10 0.965686 0.548649 0.0310458 0.0324324
10 0.832108 0.724324 0.0841503 0.0594595
10 0.930147 0.535135 0.0302288 0.0324324
10 0.950163 0.790541 0.0996732 0.105405
10 0.89134 0.52027 0.0294118 0.0297297
10 0.957108 0.539189 0.0155229 0.0297297
10 0.920752 0.52973 0.0245098 0.027027
10 0.973448 0.552703 0.0367647 0.0297297
10 0.995098 0.564865 0.00980392 0.027027
10 0.874592 0.744595 0.0955882 0.0837838
11 0.723448 0.606757 0.195261 0.251351
