19 0.397467 0.55 0.00898693 0.0189189
89
8 0.553922 0.571622 0.0620915 0.0243243
10 0.742239 0.622973 0.0906863 0.143243
10 0.724673 0.610811 0.0637255 0.135135
10 0.749183 0.628378 0.0751634 0.17027
8 0.366422 0.591892 0.0988562 0.0378378
6 0.46732 0.589189 0.0147059 0.0216216
7 0.502859 0.695946 0.185458 0.105405
7 0.403186 0.621622 0.121732 0.0432432
8 0.665441 0.702703 0.224673 0.135135
19 0.764297 0.701351 0.131536 0.0945946
7 0.336193 0.695946 0.224673 0.105405
6 0.427288 0.695946 0.0539216 0.105405
8 0.19281 0.702703 0.300654 0.135135
8 0.314542 0.625676 0.151961 0.0621622
8 0.569444 0.591892 0.0816993 0.0378378
7 0.77451 0.806757 0.0980392 0.0459459
7 0.430964 0.589189 0.0825163 0.0216216
8 0.598039 0.625676 0.120915 0.0621622
7 0.501225 0.589189 0.0743464 0.0216216
6 0.474265 0.57027 0.0106209 0.0162162
7 0.199346 0.687838 0.0441176 0.0135135
19 0.595997 0.575676 0.0253268 0.0162162
10 0.770833 0.637838 0.10049 0.151351
19 0.638072 0.606757 0.0441176 0.0297297
6 0.260212 0.874324 0.319444 0.251351
19 0.566993 0.552703 0.0147059 0.00810811
7 0.446078 0.571622 0.0620915 0.0135135
7 0.501634 0.621622 0.106209 0.0432432
6 0.455065 0.621622 0.0245098 0.0432432
10 0.650735 0.577027 0.0563725 0.1
10 0.637255 0.57027 0.0375817 0.0810811
10 0.646242 0.574324 0.0424837 0.0891892
10 0.77982 0.647297 0.0988562 0.175676
10 0.63317 0.568919 0.0457516 0.0837838
10 0.647059 0.572973 0.0441176 0.0864865
10 0.590686 0.548649 0.0326797 0.0648649
10 0.774918 0.643243 0.102124 0.178378
10 0.632761 0.567568 0.0465686 0.0756757
10 0.810049 0.662162 0.129902 0.221622
10 0.639297 0.571622 0.0433007 0.0837838
10 0.593954 0.548649 0.0310458 0.0540541
10 0.596814 0.55 0.0253268 0.0513514
10 0.602533 0.552703 0.0269608 0.0621622
10 0.584559 0.544595 0.0236928 0.0513514
10 0.599265 0.55 0.0351307 0.0567568
10 0.598039 0.55 0.0326797 0.0621622
10 0.593954 0.548649 0.0310458 0.0648649
10 0.580474 0.541892 0.0236928 0.0405405
10 0.566585 0.535135 0.0236928 0.0432432
10 0.586193 0.543243 0.0220588 0.0540541
10 0.586193 0.544595 0.0236928 0.0513514
10 0.56781 0.536486 0.0245098 0.0459459
10 0.565768 0.533784 0.0171569 0.0351351
10 0.568627 0.536486 0.0228758 0.0405405
10 0.56781 0.535135 0.0228758 0.0378378
2 0.128268 0.486486 0.0833333 0.459459
2 0.387663 0.497297 0.00898693 0.12973
12 0.889297 0.656757 0.156046 0.27027
5 0.368873 0.324324 0.110294 0.648649
2 0.318627 0.495946 0.0212418 0.213514
2 0.394199 0.498649 0.00735294 0.121622
12 0.627042 0.537838 0.0351307 0.0648649
2 0.349673 0.495946 0.0147059 0.175676
10 0.569853 0.536486 0.0236928 0.0405405
2 0.361111 0.497297 0.0130719 0.162162
12 0.593954 0.537838 0.0343137 0.0648649
12 0.660539 0.537838 0.0351307 0.0648649
12 0.972631 0.656757 0.0547386 0.27027
2 0.0465686 0.482432 0.0931373 0.597297
2 0.272059 0.493243 0.0326797 0.272973
2 0.238562 0.491892 0.0424837 0.313514
2 0.379902 0.497297 0.00980392 0.140541
2 0.298203 0.494595 0.0261438 0.237838
2 0.371324 0.495946 0.0106209 0.148649
5 0.510212 0.406757 0.0465686 0.316216
2 0.335784 0.495946 0.0179739 0.191892
2 0.19281 0.489189 0.0571895 0.372973
1 0.800245 0.375676 0.270425 0.437838
11 0.499592 0.548649 0.0220588 0.0702703
11 0.499592 0.560811 0.0514706 0.143243
