10 0.166258 0.437838 0.123366 0.486486
6 0.443627 0.645946 0.0343137 0.0648649
7 0.501634 0.783784 0.294118 0.210811
7 0.566993 0.563514 0.0718954 0.00810811
6 0.389706 0.783784 0.101307 0.210811
7 0.738562 0.766216 0.0816993 0.0351351
7 0.505719 0.572973 0.0718954 0.0108108
7 0.500408 0.647297 0.134804 0.0621622
7 0.487337 0.562162 0.0939542 0.0108108
7 0.419526 0.597297 0.10049 0.0378378
7 0.500408 0.597297 0.0874183 0.0378378
7 0.247141 0.783784 0.371732 0.210811
2 0.0400327 0.47973 0.0800654 0.618919
10 0.41299 0.522973 0.0890523 0.245946
9 0.311275 0.477027 0.0212418 0.0675676
10 0.398284 0.544595 0.120098 0.262162
7 0.377859 0.647297 0.15768 0.0621622
8 0.58415 0.594595 0.116013 0.0594595
2 0.185049 0.487838 0.0596405 0.381081
10 0.348856 0.567568 0.0964052 0.281081

10 0.368056 0.52973 0.121732 0.264865
10 0.42933 0.493243 0.0939542 0.245946
10 0.589869 0.563514 0.00980392 0.0135135
2 0.117239 0.483784 0.0874183 0.47027
4 0.625408 0.585135 0.0155229 0.1
8 0.268791 0.651351 0.202614 0.0864865
10 0.59518 0.560811 0.0187908 0.0135135
8 0.150327 0.795946 0.300654 0.256757
8 0.378676 0.590541 0.188725 0.072973
6 0.676471 0.586486 0.452614 0.0540541
10 0.589461 0.560811 0.0187908 0.0135135
5 0.50817 0.354054 0.0718954 0.486486
11 0.499592 0.566216 0.0580065 0.159459
11 0.499592 0.554054 0.0253268 0.0810811
