6 0.32067 0.860811 0.209967 0.278378
7 0.499183 0.583784 0.0718954 0.0216216
7 0.499592 0.613514 0.10049 0.0378378
7 0.406454 0.613514 0.113562 0.0378378
6 0.473448 0.566216 0.0106209 0.0135135
6 0.466912 0.583784 0.0138889 0.0216216
6 0.431373 0.677027 0.0473856 0.0891892
7 0.498775 0.554054 0.0449346 0.0108108
7 0.500817 0.677027 0.168301 0.0891892
7 0.499183 0.566216 0.0555556 0.0135135
7 0.348856 0.677027 0.20098 0.0891892
7 0.431781 0.583784 0.0792484 0.0216216
6 0.455882 0.613514 0.0228758 0.0378378
10 0.117239 0.710811 0.0531046 0.0594595
10 0.107843 0.72027 0.0441176 0.0783784
10 0.179739 0.277027 0.171569 0.451351
8 0.551062 0.566216 0.0596405 0.0243243
10 0.125817 0.247297 0.251634 0.494595
10 0.132761 0.685135 0.0465686 0.0567568
10 0.0866013 0.735135 0.0980392 0.0594595
10 0.158497 0.687838 0.0555556 0.0513514
8 0.591095 0.614865 0.113562 0.0567568
7 0.446078 0.566216 0.0604575 0.0135135
10 0.568219 0.352703 0.0563725 0.408108
8 0.216503 0.683784 0.267974 0.118919
8 0.649101 0.683784 0.200163 0.118919
10 0.27165 0.325676 0.120098 0.289189
7 0.455474 0.554054 0.0482026 0.0108108
10 0.0216503 0.758108 0.0433007 0.0891892
10 0.234477 0.306757 0.163399 0.348649
8 0.565359 0.585135 0.0784314 0.0351351
10 0.243056 0.632432 0.0383987 0.0324324
10 0.247141 0.62973 0.0187908 0.0432432
10 0.204657 0.637838 0.0514706 0.0378378
10 0.158088 0.659459 0.0629085 0.0486486
10 0.170752 0.668919 0.0620915 0.0513514
10 0.256944 0.632432 0.0334967 0.0378378
10 0.198121 0.666216 0.0645425 0.0405405
10 0.252042 0.624324 0.0204248 0.0378378
10 0.263072 0.627027 0.0490196 0.0324324
10 0.292075 0.614865 0.0433007 0.0297297
10 0.190359 0.664865 0.0637255 0.0432432
10 0.245507 0.639189 0.0547386 0.0351351
10 0.187092 0.655405 0.0620915 0.0405405
10 0.241422 0.640541 0.0531046 0.0432432
10 0.143791 0.67973 0.0228758 0.0567568

10 0.0796569 0.67973 0.0678105 0.0459459
10 0.21732 0.637838 0.0522876 0.0432432
10 0.0285948 0.709459 0.0571895 0.0675676
10 0.0298203 0.717568 0.0514706 0.0675676
10 0.0559641 0.714865 0.0645425 0.0621622
10 0.0400327 0.708108 0.0800654 0.0594595
10 0.167892 0.651351 0.0285948 0.0378378
10 0.126225 0.668919 0.0253268 0.0459459
10 0.156046 0.674324 0.0604575 0.0405405
10 0.225899 0.641892 0.0465686 0.0405405
10 0.189951 0.663514 0.0367647 0.0513514
10 0.20384 0.627027 0.0416667 0.027027

10 0.235703 0.625676 0.0236928 0.0297297
10 0.118056 0.667568 0.0351307 0.0432432
10 0.160948 0.658108 0.0539216 0.0405405
10 0.122549 0.677027 0.0490196 0.0513514
10 0.235703 0.635135 0.0383987 0.0324324
10 0.148284 0.651351 0.0220588 0.0378378
10 0.162173 0.652703 0.0269608 0.0405405
10 0.142974 0.659459 0.0457516 0.0378378
10 0.21732 0.641892 0.0245098 0.0351351
10 0.130719 0.677027 0.0637255 0.0405405
10 0.127859 0.67027 0.0629085 0.0378378
10 0.0379902 0.695946 0.0759804 0.0567568
10 0.211193 0.641892 0.0482026 0.0351351
10 0.252859 0.616216 0.0318627 0.027027
10 0.227124 0.618919 0.0310458 0.027027
10 0.305964 0.602703 0.0285948 0.027027
10 0.239379 0.617568 0.0343137 0.0297297
10 0.305147 0.601351 0.0220588 0.0297297
10 0.296977 0.597297 0.0351307 0.0216216
10 0.268791 0.610811 0.0310458 0.027027
10 0.296569 0.602703 0.0359477 0.027027
10 0.332108 0.595946 0.0318627 0.0243243
10 0.29902 0.593243 0.0114379 0.0243243
10 0.345588 0.574324 0.0245098 0.0189189
10 0.324346 0.589189 0.00980392 0.0216216
10 0.327614 0.57973 0.0212418 0.0189189
10 0.348448 0.578378 0.0269608 0.0216216
10 0.367647 0.571622 0.0261438 0.0189189
10 0.310049 0.581081 0.0138889 0.0216216
10 0.349673 0.581081 0.0294118 0.0216216
10 0.318627 0.585135 0.0179739 0.0243243
10 0.316993 0.581081 0.0277778 0.0162162
10 0.328023 0.581081 0.0220588 0.0216216
10 0.337418 0.575676 0.0261438 0.0162162
10 0.31781 0.590541 0.0294118 0.0189189
10 0.327614 0.575676 0.0228758 0.0216216
10 0.333742 0.574324 0.0269608 0.0189189
10 0.366013 0.575676 0.0261438 0.0162162
10 0.340686 0.578378 0.0212418 0.0216216
10 0.360703 0.575676 0.0269608 0.0162162
10 0.354984 0.57027 0.0253268 0.0216216
10 0.226307 0.606757 0.0261438 0.0243243
10 0.279003 0.589189 0.0318627 0.0216216
10 0.267974 0.608108 0.0359477 0.0216216
10 0.233252 0.616216 0.0400327 0.027027
10 0.19567 0.621622 0.0416667 0.0324324
10 0.304739 0.586486 0.0294118 0.0216216
10 0.298611 0.582432 0.0171569 0.0189189
10 0.278595 0.595946 0.0130719 0.0243243
10 0.246732 0.606757 0.0310458 0.0243243
10 0.23652 0.616216 0.0253268 0.027027
10 0.258578 0.595946 0.0334967 0.0243243
10 0.239788 0.612162 0.0334967 0.0243243
10 0.270425 0.601351 0.0130719 0.0243243
10 0.289624 0.598649 0.0302288 0.0243243
10 0.269199 0.606757 0.0351307 0.0243243
10 0.229167 0.606757 0.0351307 0.0243243
10 0.289624 0.591892 0.0318627 0.0216216
10 0.241013 0.605405 0.0343137 0.0216216
10 0.273693 0.6 0.0343137 0.0216216
10 0.26634 0.597297 0.0310458 0.0216216
10 0.271242 0.593243 0.0294118 0.0189189
10 0.291258 0.597297 0.0302288 0.0216216
10 0.301062 0.591892 0.0155229 0.0216216
10 0.285539 0.591892 0.0171569 0.0216216
10 0.256127 0.597297 0.0318627 0.0216216
10 0.393382 0.552703 0.0187908 0.0135135
10 0.381944 0.564865 0.0220588 0.0162162
10 0.393382 0.558108 0.0187908 0.0135135
10 0.392974 0.548649 0.0114379 0.0108108
10 0.390931 0.552703 0.0155229 0.0135135
10 0.384395 0.558108 0.0155229 0.0135135
10 0.311275 0.57973 0.0179739 0.0189189
10 0.332108 0.572973 0.0236928 0.0162162
10 0.350082 0.57027 0.00898693 0.0162162
10 0.350899 0.57027 0.00898693 0.0162162
10 0.382761 0.552703 0.0138889 0.0135135
10 0.304739 0.587838 0.0245098 0.0189189
10 0.319853 0.583784 0.0236928 0.0162162
10 0.327206 0.581081 0.0253268 0.0162162
10 0.395425 0.558108 0.0196078 0.0135135
10 0.339869 0.57973 0.0245098 0.0189189
10 0.379493 0.562162 0.0220588 0.0162162
10 0.339869 0.574324 0.0228758 0.0135135
10 0.365196 0.564865 0.0212418 0.0162162
10 0.378268 0.562162 0.0130719 0.0162162
10 0.29616 0.585135 0.0269608 0.0189189
10 0.316585 0.577027 0.0236928 0.0189189
10 0.389706 0.562162 0.0130719 0.0162162
10 0.330474 0.572973 0.0236928 0.0162162
10 0.364788 0.560811 0.00898693 0.0135135
10 0.300245 0.589189 0.0285948 0.0216216
10 0.364788 0.555405 0.00735294 0.0135135
10 0.371324 0.555405 0.0155229 0.0135135
10 0.401144 0.551351 0.0114379 0.0108108
10 0.36969 0.555405 0.00898693 0.0135135
10 0.397876 0.551351 0.0114379 0.0108108
10 0.410539 0.548649 0.0171569 0.0108108
10 0.401144 0.55 0.0147059 0.0135135
10 0.370915 0.556757 0.0196078 0.0162162
10 0.405229 0.548649 0.0163399 0.0108108
10 0.394608 0.554054 0.0147059 0.0108108
10 0.343954 0.568919 0.0212418 0.0135135
10 0.345588 0.567568 0.0212418 0.0162162
10 0.372141 0.558108 0.0187908 0.0135135
10 0.358252 0.558108 0.0187908 0.0135135
10 0.330065 0.567568 0.0212418 0.0162162
10 0.349265 0.563514 0.0171569 0.0135135
10 0.316993 0.57027 0.0163399 0.0162162
10 0.310458 0.572973 0.0114379 0.0162162
10 0.343137 0.563514 0.0196078 0.0135135
10 0.333333 0.57027 0.0212418 0.0162162
10 0.355801 0.559459 0.0138889 0.0162162
10 0.346405 0.568919 0.0212418 0.0135135
10 0.35335 0.562162 0.0155229 0.0162162
10 0.352533 0.563514 0.0106209 0.0135135
10 0.321895 0.572973 0.0179739 0.0162162
10 0.375817 0.559459 0.0179739 0.0108108
10 0.336601 0.567568 0.0163399 0.0162162
10 0.350082 0.566216 0.0122549 0.0135135
10 0.370507 0.558108 0.0187908 0.0135135
10 0.390931 0.551351 0.0155229 0.0108108
10 0.410948 0.544595 0.0130719 0.00810811
10 0.389706 0.554054 0.00980392 0.0108108
10 0.395833 0.545946 0.0138889 0.0108108
10 0.403595 0.545946 0.00980392 0.0108108
10 0.380719 0.552703 0.0163399 0.0135135
10 0.358252 0.558108 0.0171569 0.0135135
10 0.377042 0.554054 0.0138889 0.0108108
10 0.398284 0.548649 0.0138889 0.0108108
10 0.38031 0.545946 0.0122549 0.0108108
10 0.389297 0.551351 0.0155229 0.0108108
10 0.410948 0.545946 0.0114379 0.0108108
10 0.401552 0.548649 0.0155229 0.0108108
10 0.371732 0.558108 0.0114379 0.0135135
10 0.39665 0.551351 0.0155229 0.0108108
10 0.385212 0.548649 0.0155229 0.0108108
10 0.370507 0.555405 0.0106209 0.0135135
10 0.370915 0.554054 0.00980392 0.0108108
10 0.372549 0.559459 0.0179739 0.0108108
10 0.377042 0.551351 0.0171569 0.0108108
10 0.348039 0.552703 0.0147059 0.0135135
10 0.359886 0.55 0.0122549 0.0135135
10 0.364379 0.55 0.0163399 0.00810811
10 0.560458 0.548649 0.0130719 0.0108108
10 0.527778 0.548649 0.0130719 0.0108108
10 0.352124 0.551351 0.00980392 0.0108108
10 0.54616 0.545946 0.0138889 0.0108108
10 0.530229 0.548649 0.0130719 0.0108108
10 0.356209 0.554054 0.0163399 0.0108108
10 0.542484 0.545946 0.0147059 0.0108108
10 0.538399 0.548649 0.0130719 0.0108108
10 0.336193 0.555405 0.0155229 0.0135135
10 0.35049 0.552703 0.0163399 0.0135135
10 0.543301 0.551351 0.0130719 0.0108108
10 0.55433 0.548649 0.0122549 0.0108108
10 0.340278 0.558108 0.0187908 0.0135135
10 0.341912 0.554054 0.0171569 0.0108108
10 0.356618 0.551351 0.0171569 0.0108108
10 0.359886 0.551351 0.0155229 0.0108108
10 0.531863 0.545946 0.0147059 0.0108108
10 0.356209 0.556757 0.0163399 0.0108108
10 0.347222 0.556757 0.0179739 0.0108108
10 0.569036 0.551351 0.0106209 0.0108108
10 0.531046 0.547297 0.0147059 0.00810811
10 0.542892 0.55 0.0155229 0.0135135
10 0.539624 0.545946 0.0155229 0.0108108
10 0.562092 0.548649 0.0130719 0.0108108
10 0.533497 0.544595 0.0147059 0.00810811
10 0.547794 0.545946 0.0122549 0.0108108
10 0.535131 0.552703 0.00816993 0.0135135
10 0.53268 0.551351 0.0163399 0.0108108
10 0.555964 0.55 0.0155229 0.0135135
10 0.529412 0.551351 0.0163399 0.0108108
10 0.555147 0.555405 0.0138889 0.0135135
10 0.559232 0.552703 0.0122549 0.0135135
10 0.538399 0.551351 0.0147059 0.0108108
10 0.579657 0.559459 0.00735294 0.0162162
10 0.536356 0.554054 0.0122549 0.0108108
10 0.533497 0.558108 0.0163399 0.0135135
10 0.554739 0.555405 0.0147059 0.0135135
10 0.550245 0.558108 0.0187908 0.0135135
10 0.540441 0.555405 0.0138889 0.0135135
10 0.533497 0.555405 0.0179739 0.0135135
10 0.545343 0.554054 0.0171569 0.0108108
10 0.575572 0.552703 0.0171569 0.0135135
10 0.578023 0.558108 0.0155229 0.0135135
10 0.570261 0.560811 0.0196078 0.0135135

10 0.553513 0.558108 0.0122549 0.0135135
10 0.540033 0.567568 0.0212418 0.0162162
10 0.584967 0.560811 0.0196078 0.0135135

10 0.560866 0.564865 0.0204248 0.0162162
10 0.593954 0.566216 0.0212418 0.0135135
10 0.562092 0.582432 0.0212418 0.0189189
10 0.596814 0.577027 0.0106209 0.0189189
10 0.540441 0.57027 0.0204248 0.0162162

10 0.571487 0.572973 0.0220588 0.0162162
10 0.577206 0.572973 0.0236928 0.0162162
10 0.57067 0.572973 0.0236928 0.0162162
10 0.602124 0.572973 0.0228758 0.0162162
10 0.571078 0.567568 0.0212418 0.0162162
10 0.550654 0.57027 0.0147059 0.0162162

10 0.598039 0.57027 0.0228758 0.0162162

10 0.587827 0.572973 0.0236928 0.0162162

10 0.57067 0.572973 0.0204248 0.0162162
10 0.566993 0.564865 0.0114379 0.0162162
10 0.542484 0.57027 0.0228758 0.0162162

10 0.547386 0.572973 0.0228758 0.0162162
10 0.610703 0.6 0.0155229 0.027027
9189
10 0.617239 0.589189 0.0236928 0.0216216
10 0.59232 0.593243 0.00980392 0.0243243
10 0.575163 0.594595 0.0294118 0.0216216
10 0.575572 0.593243 0.0106209 0.0243243

10 0.620507 0.597297 0.0285948 0.027027
10 0.615605 0.587838 0.0253268 0.0189189
10 0.615196 0.591892 0.0294118 0.0216216
10 0.564134 0.610811 0.0351307 0.027027
10 0.601307 0.609459 0.0310458 0.0297297
10 0.589461 0.591892 0.0171569 0.0216216
10 0.584559 0.598649 0.0285948 0.0243243
10 0.593546 0.613514 0.0367647 0.027027
10 0.685458 0.647297 0.0490196 0.0351351
10 0.680556 0.627027 0.0424837 0.027027
10 0.560866 0.602703 0.0269608 0.027027
10 0.592729 0.62973 0.0400327 0.0324324

10 0.593137 0.621622 0.0277778 0.0324324
10 0.616013 0.628378 0.0375817 0.0351351
10 0.637663 0.636486 0.0416667 0.0351351
10 0.637663 0.677027 0.0563725 0.0459459
10 0.696895 0.668919 0.0571895 0.0405405
10 0.654003 0.663514 0.0531046 0.0459459
10 0.646242 0.631081 0.0277778 0.0351351
10 0.693219 0.652703 0.0302288 0.0459459
10 0.70915 0.721622 0.0718954 0.0594595
10 0.618056 0.689189 0.0465686 0.0594595
10 0.706291 0.705405 0.0318627 0.0648649
10 0.603758 0.663514 0.0522876 0.0459459
10 0.746732 0.695946 0.0228758 0.0621622
10 0.784314 0.716216 0.0784314 0.0702703
10 0.830474 0.751351 0.0939542 0.0648649
5 0.261846 0.559459 0.00408497 0.281081
10 0.973039 0.914865 0.0539216 0.17027
11 0.498775 0.531081 0.0596405 0.0783784
10 0.746324 0.762162 0.0825163 0.0918919
10 0.856209 0.856757 0.0620915 0.140541
10 0.850899 0.760811 0.0367647 0.0891892
5 0.509395 0.410811 0.0433007 0.291892
10 0.854167 0.756757 0.0416667 0.0864865
10 0.864788 0.783784 0.0906863 0.0864865
10 0.89665 0.791892 0.115196 0.0810811
10 0.973856 0.941892 0.0522876 0.116216
10 0.89134 0.795946 0.0980392 0.0891892
10 0.934232 0.939189 0.131536 0.121622
9 0.74469 0.385135 0.0727124 0.22973
10 0.895425 0.939189 0.191176 0.121622
