6 0.458333 0.610811 0.0228758 0.0378378

19 0.681781 0.637838 0.0694444 0.0486486
12 0.660948 0.564865 0.0604575 0.113514
7 0.355801 0.672973 0.193627 0.0864865
7 0.500817 0.582432 0.0702614 0.0189189
8 0.39951 0.566216 0.0686275 0.0243243
12 0.965278 0.651351 0.0694444 0.264865
10 0.567402 0.532432 0.0220588 0.0432432
10 0.582108 0.539189 0.0253268 0.0459459
2 0.383987 0.494595 0.00980392 0.135135
2 0.39134 0.495946 0.00816993 0.127027
8 0.327206 0.613514 0.138072 0.0540541
10 0.681781 0.590541 0.0645425 0.1
10 0.566176 0.533784 0.0179739 0.0405405
10 0.675654 0.589189 0.0669935 0.118919
10 0.669935 0.585135 0.0490196 0.116216
7 0.410131 0.610811 0.111111 0.0378378
12 0.875 0.651351 0.153595 0.264865
10 0.97835 0.774324 0.0433007 0.364865
8 0.227941 0.678378 0.254902 0.113514
10 0.670752 0.587838 0.0653595 0.116216
12 0.716912 0.564865 0.0612745 0.113514
10 0.688317 0.595946 0.0580065 0.127027
8 0.372958 0.583784 0.0923203 0.0324324
10 0.584967 0.541892 0.0245098 0.0459459
10 0.582925 0.540541 0.0269608 0.0540541
10 0.695261 0.594595 0.0588235 0.108108
2 0.375817 0.495946 0.00980392 0.143243
11 0.499592 0.558108 0.0285948 0.0891892
11 0.499592 0.57973 0.0694444 0.191892
2 0.286356 0.491892 0.0285948 0.254054
2 0.217729 0.489189 0.0498366 0.340541
2 0.355801 0.494595 0.0138889 0.167568
2 0.256944 0.489189 0.0367647 0.291892
2 0.327614 0.493243 0.0196078 0.202703
2 0.0837418 0.482432 0.103758 0.521622
2 0.163399 0.485135 0.0686275 0.413514
2 0.366422 0.494595 0.0122549 0.156757
5 0.447304 0.412162 0.0433007 0.289189
12 0.598448 0.539189 0.0367647 0.0675676
2 0.309232 0.491892 0.0236928 0.227027
2 0.343137 0.494595 0.0163399 0.183784
