3 0.602941 0.637838 0.0866013 0.0378378
19 0.377042 0.556757 0.0122549 0.027027

3 0.558824 0.57027 0.0571895 0.0162162
2 0.298611 0.490541 0.0253268 0.240541
2 0.379902 0.493243 0.00980392 0.137838
2 0.349673 0.493243 0.0147059 0.175676
2 0.272876 0.489189 0.0326797 0.27027
10 0.582516 0.539189 0.0245098 0.0459459
2 0.336193 0.491892 0.0171569 0.194595
2 0.394608 0.493243 0.00816993 0.121622
12 0.59518 0.527027 0.0269608 0.0486486
2 0.129085 0.483784 0.0833333 0.459459
2 0.239379 0.487838 0.0424837 0.316216
10 0.57598 0.536486 0.0261438 0.0459459
2 0.36152 0.493243 0.0122549 0.159459
10 0.574346 0.535135 0.0228758 0.0432432
10 0.578023 0.536486 0.0204248 0.0405405
12 0.569853 0.527027 0.0269608 0.0486486
2 0.387663 0.494595 0.00898693 0.12973
2 0.371732 0.493243 0.0114379 0.148649
7 0.331291 0.602703 0.0204248 0.00540541
2 0.193627 0.486486 0.0571895 0.372973
17 0.103758 0.777027 0.186275 0.272973
2 0.319444 0.490541 0.0212418 0.213514
8 0.339869 0.605405 0.124183 0.0486486
8 0.58415 0.605405 0.101307 0.0486486
10 0.576389 0.535135 0.0253268 0.0486486
12 0.691176 0.535135 0.0359477 0.0648649
12 0.658088 0.535135 0.0351307 0.0648649
12 0.723856 0.535135 0.0359477 0.0648649
17 0.225082 0.687838 0.0955882 0.164865
12 0.624592 0.535135 0.0351307 0.0648649
5 0.517565 0.339189 0.0792484 0.532432
18 0.277778 0.382432 0.0196078 0.148649
5 0.273693 0.487838 0.00653595 0.391892
12 0.591503 0.535135 0.0343137 0.0648649
11 0.499592 0.613514 0.0988562 0.275676
9 0.386438 0.477027 0.0130719 0.0405405
5 0.386438 0.528378 0.00163399 0.137838
11 0.499592 0.577027 0.0367647 0.121622
11 0.406454 0.563514 0.0694444 0.137838
