10 0.286765 0.571622 0.0163399 0.0459459
10 0.29616 0.567568 0.0155229 0.0432432
10 0.292892 0.568919 0.0155229 0.0459459
10 0.317402 0.560811 0.0138889 0.0405405
10 0.329248 0.556757 0.0130719 0.0378378
10 0.312908 0.562162 0.0147059 0.0378378
10 0.26634 0.577027 0.0179739 0.0513514
10 0.320261 0.559459 0.0130719 0.0378378
10 0.351716 0.548649 0.0106209 0.0324324
10 0.254085 0.581081 0.0196078 0.0540541
10 0.335376 0.555405 0.0122549 0.0351351
10 0.33701 0.552703 0.0122549 0.0351351
10 0.331291 0.555405 0.0122549 0.0351351
10 0.310049 0.563514 0.0138889 0.0405405
10 0.261846 0.57973 0.0187908 0.0513514
10 0.344771 0.551351 0.0114379 0.0324324
10 0.249183 0.583784 0.0196078 0.0540541
10 0.349673 0.548649 0.0114379 0.0324324
19 0.285131 0.593243 0.0196078 0.0405405
10 0.283088 0.571622 0.0171569 0.0459459
10 0.346405 0.551351 0.0114379 0.0324324
19 0.294935 0.589189 0.0179739 0.0378378
19 0.0159314 0.656757 0.0318627 0.0216216
19 0.264297 0.602703 0.0220588 0.0432432
7 0.424837 0.721622 0.0669935 0.0324324
19 0.35049 0.564865 0.0114379 0.027027
19 0.251634 0.606757 0.0245098 0.0459459
19 0.311275 0.581081 0.0163399 0.0324324
6 0.471814 0.572973 0.0122549 0.0162162
7 0.58415 0.597297 0.0228758 0.00540541
19 0.336193 0.57027 0.0122549 0.027027
6 0.476716 0.559459 0.00898693 0.0108108
19 0.318627 0.578378 0.0147059 0.0324324
19 0.345588 0.564865 0.0114379 0.027027
7 0.339052 0.597297 0.0261438 0.00540541
19 0.330065 0.572973 0.0130719 0.0324324
8 0.245507 0.668919 0.324346 0.186486
7 0.501225 0.602703 0.0955882 0.0432432
7 0.5 0.559459 0.0490196 0.0108108
7 0.413807 0.602703 0.110294 0.0432432
8 0.546977 0.560811 0.0531046 0.0189189
7 0.452206 0.559459 0.0547386 0.0108108
7 0.441176 0.572973 0.0686275 0.0162162
7 0.615605 0.672973 0.39951 0.0972973
8 0.558415 0.575676 0.0678105 0.027027
7 0.5 0.572973 0.0620915 0.0162162
7 0.35049 0.672973 0.205882 0.0972973
7 0.535948 0.860811 0.928105 0.278378
10 0.582108 0.524324 0.0187908 0.0864865
10 0.633987 0.377027 0.171569 0.478378
10 0.578431 0.522973 0.0179739 0.0837838
10 0.580065 0.524324 0.0179739 0.0864865
19 0.623366 0.594595 0.0506536 0.0810811
10 0.576389 0.524324 0.0171569 0.0810811
12 0.592729 0.564865 0.0155229 0.027027
12 0.381127 0.532432 0.0106209 0.0594595
12 0.609477 0.568919 0.0277778 0.0243243
12 0.373775 0.533784 0.0122549 0.0621622
12 0.365196 0.536486 0.0130719 0.0675676
12 0.679739 0.604054 0.102941 0.0459459
12 0.585784 0.55 0.0310458 0.0189189
12 0.613154 0.572973 0.0334967 0.027027
12 0.387663 0.52973 0.00898693 0.0540541
12 0.596405 0.559459 0.0245098 0.0216216
12 0.355801 0.539189 0.0155229 0.072973
11 0.626634 0.514865 0.0669935 0.1
10 0.60049 0.531081 0.0261438 0.110811
10 0.633987 0.543243 0.0359477 0.151351
10 0.660948 0.551351 0.0441176 0.178378
10 0.653186 0.55 0.0416667 0.17027
12 0.607026 0.57973 0.0196078 0.0351351
10 0.604984 0.532432 0.0269608 0.113514
10 0.609069 0.533784 0.0285948 0.116216
12 0.758987 0.608108 0.0669935 0.0378378
10 0.575163 0.522973 0.0163399 0.0783784
10 0.571895 0.521622 0.0163399 0.0756757
10 0.623366 0.540541 0.0326797 0.140541
10 0.573529 0.522973 0.0163399 0.0783784
10 0.618464 0.540541 0.0310458 0.135135
10 0.639706 0.545946 0.0375817 0.156757
10 0.64665 0.547297 0.0400327 0.164865
10 0.628268 0.543243 0.0343137 0.145946
10 0.705882 0.554054 0.0522876 0.183784
10 0.595997 0.524324 0.0220588 0.0864865
12 0.57067 0.55 0.00735294 0.0189189
10 0.683824 0.554054 0.0506536 0.183784
12 0.96732 0.608108 0.0653595 0.0378378
12 0.567402 0.547297 0.00735294 0.0189189
12 0.811683 0.608108 0.0678105 0.0378378
12 0.564542 0.544595 0.00653595 0.0189189
10 0.749592 0.554054 0.0547386 0.183784
10 0.793301 0.554054 0.0571895 0.183784
10 0.77165 0.554054 0.0563725 0.183784
10 0.727941 0.554054 0.0539216 0.183784
12 0.863971 0.608108 0.0678105 0.0378378
12 0.916667 0.608108 0.0686275 0.0378378
12 0.993464 0.608108 0.0130719 0.0378378
10 0.92402 0.554054 0.0653595 0.183784
10 0.902369 0.554054 0.0645425 0.183784
10 0.946078 0.554054 0.0669935 0.183784
10 0.85866 0.554054 0.0620915 0.183784
10 0.88031 0.554054 0.0629085 0.183784
10 0.83701 0.554054 0.0596405 0.183784
10 0.815359 0.554054 0.0588235 0.183784
5 0.510212 0.408108 0.0449346 0.302703
5 0.8125 0.490541 0.00571895 0.321622
18 0.366013 0.431081 0.00816993 0.0837838
11 0.437908 0.537838 0.0751634 0.0918919
10 0.977533 0.554054 0.0449346 0.183784
18 0.820261 0.4 0.0179739 0.124324
1 0.838235 0.351351 0.321895 0.518919
5 0.406046 0.352703 0.0735294 0.489189
5 0.364379 0.493243 0.00326797 0.224324
10 0.966912 0.554054 0.0661765 0.183784
