19 0.632761 0.601351 0.0416667 0.0297297
7 0.574755 0.583784 0.0204248 0.00540541
2 0.587418 0.547297 0.00490196 0.0513514
19 0.666258 0.513514 0.0383987 0.135135
19 0.703023 0.65 0.0808824 0.0567568
2 0.604167 0.539189 0.0204248 0.0405405

2 0.576389 0.541892 0.00408497 0.0459459
2 0.579657 0.543243 0.00408497 0.0486486
2 0.585784 0.536486 0.0179739 0.0405405
10 0.79616 0.652703 0.121732 0.213514
10 0.808415 0.656757 0.11683 0.205405

6 0.45915 0.609459 0.0212418 0.0351351
6 0.354575 0.852703 0.155229 0.294595
8 0.331291 0.612162 0.13317 0.0513514
8 0.587827 0.612162 0.107026 0.0513514
8 0.238154 0.671622 0.241013 0.105405
2 0.533088 0.556757 0.00245098 0.0486486
2 0.534722 0.559459 0.00245098 0.0486486
7 0.500817 0.609459 0.0947712 0.0351351
8 0.638889 0.671622 0.183007 0.105405
6 0.437092 0.666216 0.0424837 0.0783784
7 0.411765 0.609459 0.107843 0.0351351
10 0.859477 0.693243 0.140523 0.251351
10 0.815768 0.659459 0.131536 0.221622
2 0.537173 0.562162 0.00245098 0.0540541
10 0.919526 0.709459 0.160948 0.256757
10 0.703023 0.604054 0.0694444 0.132432
10 0.903595 0.693243 0.135621 0.245946
10 0.691585 0.6 0.0612745 0.135135
10 0.715686 0.602703 0.0718954 0.12973
10 0.846405 0.682432 0.111111 0.208108
10 0.683007 0.595946 0.0686275 0.137838
10 0.707925 0.605405 0.0776144 0.124324
10 0.68219 0.591892 0.0653595 0.118919
10 0.683415 0.591892 0.0661765 0.0972973
10 0.625 0.567568 0.0408497 0.0702703
10 0.636846 0.575676 0.0498366 0.0810811
10 0.627042 0.571622 0.0433007 0.0837838
12 0.775327 0.545946 0.0441176 0.0810811
12 0.696078 0.545946 0.0424837 0.0810811
12 0.656863 0.545946 0.0424837 0.0810811
10 0.644608 0.57973 0.0522876 0.0837838
10 0.632353 0.574324 0.0490196 0.0945946
10 0.639706 0.57973 0.0506536 0.1
12 0.735703 0.545946 0.0433007 0.0810811
10 0.623775 0.566216 0.0449346 0.072973
17 0.430147 0.544595 0.00898693 0.0297297
2 0.386846 0.495946 0.00898693 0.132432
17 0.424837 0.548649 0.00980392 0.0324324
2 0.23652 0.490541 0.0433007 0.316216
2 0.0445261 0.481081 0.0890523 0.605405
2 0.370507 0.495946 0.0106209 0.148649
2 0.360294 0.494595 0.0130719 0.162162
2 0.334559 0.493243 0.0171569 0.191892
2 0.31781 0.493243 0.0212418 0.213514
2 0.348448 0.493243 0.0155229 0.175676
2 0.296569 0.493243 0.0261438 0.240541
2 0.124592 0.485135 0.0841503 0.462162
2 0.270425 0.490541 0.0326797 0.272973
2 0.393382 0.495946 0.00735294 0.121622
12 0.617239 0.545946 0.0416667 0.0810811
2 0.190359 0.487838 0.0588235 0.375676
2 0.379085 0.495946 0.00980392 0.137838
4 0.632761 0.554054 0.0138889 0.172973
9 0.379902 0.478378 0.0130719 0.0432432
5 0.379902 0.531081 0.00163399 0.143243
5 0.52451 0.362162 0.0686275 0.459459
11 0.499592 0.528378 0.0531046 0.164865
18 0.537582 0.456757 0.00490196 0.0540541
5 0.537582 0.495946 0.00163399 0.143243
5 0.447712 0.421622 0.0392157 0.264865
11 0.499592 0.572973 0.0351307 0.108108
11 0.499592 0.583784 0.0727124 0.2
