19 0.406863 0.539189 0.00816993 0.0189189
7 0.256127 0.774324 0.35866 0.202703
7 0.380719 0.641892 0.155229 0.0621622
19 0.616013 0.583784 0.0343137 0.0216216
7 0.502042 0.641892 0.13317 0.0621622
19 0.69281 0.643243 0.0767974 0.0540541
7 0.500817 0.572973 0.0637255 0.0162162
7 0.501225 0.595946 0.0857843 0.0297297
6 0.471814 0.572973 0.0122549 0.0162162
6 0.44567 0.641892 0.0334967 0.0621622
7 0.504902 0.774324 0.285948 0.202703
6 0.462827 0.595946 0.0187908 0.0297297
7 0.678513 0.694595 0.0563725 0.0216216
6 0.395016 0.774324 0.0955882 0.202703
7 0.272876 0.636486 0.0310458 0.00810811
19 0.584559 0.560811 0.0204248 0.0135135
10 0.612745 0.551351 0.0392157 0.0702703
10 0.702614 0.6 0.0718954 0.118919
459
7 0.440359 0.572973 0.0702614 0.0162162

10 0.698529 0.594595 0.0669935 0.108108
10 0.685458 0.589189 0.0555556 0.124324
8 0.383578 0.574324 0.0825163 0.0297297
10 0.615196 0.554054 0.0310458 0.0702703
8 0.346405 0.598649 0.117647 0.0459459
10 0.671569 0.57973 0.0490196 0.105405
10 0.617239 0.555405 0.0367647 0.0675676
8 0.560458 0.574324 0.0702614 0.0297297
8 0.746732 0.786486 0.359477 0.248649
10 0.70098 0.598649 0.0735294 0.127027
8 0.406046 0.559459 0.0637255 0.0216216
10 0.683007 0.587838 0.0637255 0.105405
8 0.272876 0.645946 0.199346 0.0864865
7 0.420343 0.595946 0.0972222 0.0297297
8 0.152369 0.786486 0.304739 0.248649
10 0.586601 0.539189 0.0294118 0.0567568
10 0.587418 0.539189 0.0310458 0.0513514
10 0.625817 0.558108 0.0457516 0.0837838
10 0.583742 0.536486 0.0269608 0.0567568
10 0.583333 0.537838 0.0277778 0.0486486
10 0.580474 0.536486 0.0285948 0.0567568
10 0.590278 0.541892 0.0236928 0.0567568
10 0.622141 0.556757 0.0334967 0.0756757
10 0.622549 0.555405 0.0375817 0.072973
10 0.585376 0.539189 0.0220588 0.0459459
10 0.577614 0.533784 0.0212418 0.0459459
10 0.577614 0.533784 0.0196078 0.0459459
10 0.57598 0.533784 0.0212418 0.0459459
10 0.572712 0.531081 0.0212418 0.0351351
2 0.0257353 0.474324 0.0514706 0.683784
2 0.329248 0.489189 0.0196078 0.2
2 0.169526 0.483784 0.0661765 0.405405
5 0.508987 0.410811 0.0424837 0.286486
2 0.221814 0.485135 0.0482026 0.337838
2 0.0927288 0.47973 0.0988562 0.510811
12 0.643382 0.528378 0.0318627 0.0567568
2 0.39134 0.491892 0.00816993 0.124324
2 0.367647 0.490541 0.0114379 0.154054
5 0.395425 0.321622 0.0882353 0.583784
12 0.852941 0.598649 0.104575 0.181081
2 0.288399 0.487838 0.0277778 0.251351
2 0.356618 0.490541 0.0138889 0.164865
2 0.311275 0.489189 0.0228758 0.221622
12 0.760621 0.598649 0.101307 0.181081
1 0.757761 0.390541 0.223039 0.37027
2 0.384395 0.491892 0.00898693 0.135135
2 0.376634 0.490541 0.00980392 0.143243
2 0.344363 0.490541 0.0155229 0.181081
2 0.259804 0.486486 0.0359477 0.286486
12 0.58415 0.528378 0.0310458 0.0567568
12 0.613971 0.528378 0.0318627 0.0567568
11 0.499592 0.548649 0.0253268 0.0810811
11 0.500408 0.567568 0.0612745 0.167568
