7 0.580882 0.590541 0.0228758 0.00810811
7 0.441993 0.572973 0.0669935 0.0162162
7 0.372141 0.647297 0.175654 0.0837838
8 0.354575 0.595946 0.109477 0.0405405
7 0.424428 0.593243 0.0906863 0.0243243
7 0.502451 0.647297 0.147059 0.0837838
17 0.0886438 0.781081 0.177288 0.275676
17 0.275735 0.643243 0.0629085 0.118919
2 0.215278 0.487838 0.0498366 0.343243
2 0.160539 0.485135 0.0694444 0.413514
2 0.32598 0.493243 0.0196078 0.202703
2 0.307598 0.491892 0.0236928 0.227027
2 0.284314 0.490541 0.0294118 0.256757
17 0.207925 0.689189 0.10049 0.167568
5 0.504902 0.413514 0.0424837 0.286486
2 0.254493 0.489189 0.0367647 0.291892
9 0.409314 0.486486 0.00980392 0.0324324
8 0.388072 0.572973 0.0784314 0.027027
2 0.341503 0.491892 0.0163399 0.183784
2 0.354167 0.493243 0.0138889 0.17027
2 0.0800654 0.482432 0.104575 0.521622
5 0.305556 0.491892 0.00490196 0.32973
11 0.499592 0.57027 0.0334967 0.108108
11 0.499183 0.597297 0.0833333 0.232432
