7 0.676471 0.816216 0.496732 0.2
7 0.786356 0.909459 0.427288 0.181081
10 0.366013 0.258108 0.168301 0.456757
10 0.915441 0.560811 0.0449346 0.0405405
7 0.5 0.939189 1 0.121622
10 0.838644 0.243243 0.203431 0.47027
10 0.877042 0.225676 0.200163 0.424324
10 0.988562 0.585135 0.0228758 0.0405405
10 0.341912 0.314865 0.206699 0.602703
10 0.789216 0.210811 0.207516 0.421622
10 0.751634 0.210811 0.218954 0.421622
10 0.96201 0.575676 0.0465686 0.0432432
10 0.671977 0.25 0.196895 0.5
10 0.972222 0.591892 0.0359477 0.0432432
10 0.964461 0.558108 0.0351307 0.0351351
10 0.881536 0.536486 0.0310458 0.0243243
10 0.91585 0.533784 0.0359477 0.0297297
10 0.945261 0.535135 0.0473856 0.0378378
10 0.959559 0.547297 0.0334967 0.0405405
10 0.984069 0.551351 0.0187908 0.03243210 0.947712 0.539189 0.0375817 0.0351351
10 0.915033 0.531081 0.0277778 0.0297297
10 0.897876 0.533784 0.0441176 0.0297297
10 0.912582 0.528378 0.0424837 0.0351351
