6 0.287173 0.87027 0.267157 0.259459
6 0.427288 0.690541 0.0506536 0.1
19 0.284722 0.602703 0.0285948 0.0486486
19 0.252859 0.617568 0.0351307 0.0567568
19 0.206699 0.639189 0.0457516 0.0675676
19 0.138889 0.671622 0.0653595 0.0891892
19 0.309641 0.590541 0.0228758 0.0405405
7 0.787582 0.821622 0.104575 0.0486486
7 0.339869 0.690541 0.215686 0.1
7 0.501634 0.690541 0.179739 0.1
2 0.3125 0.494595 0.0220588 0.216216
14
2 0.36683 0.497297 0.0114379 0.151351
12 0.620098 0.589189 0.0179739 0.0378378
2 0.383578 0.497297 0.00898693 0.12973
12 0.990605 0.744595 0.0187908 0.0945946
2 0.330065 0.495946 0.0179739 0.197297
2 0.344363 0.495946 0.0155229 0.181081
12 0.609069 0.581081 0.0155229 0.0324324
10 0.888889 0.398649 0.222222 0.781081
7 0.403595 0.614865 0.122549 0.0513514
2 0.390523 0.497297 0.00816993 0.124324
12 0.633987 0.6 0.0212418 0.0432432
12 0.747958 0.682432 0.0629085 0.0945946
2 0.263889 0.491892 0.0343137 0.281081
2 0.291258 0.493243 0.0269608 0.245946
2 0.375817 0.497297 0.00980392 0.140541
12 0.674428 0.628378 0.0334967 0.0567568
8 0.199346 0.697297 0.289216 0.12973
10 0.582108 0.437838 0.0923203 0.264865
12 0.620098 0.574324 0.0588235 0.0297297
10 0.620507 0.537838 0.0318627 0.118919
12 0.814134 0.72973 0.0955882 0.12973
17 0.429739 0.547297 0.00816993 0.0297297
10 0.614379 0.539189 0.0277778 0.127027
8 0.331291 0.614865 0.18219 0.1
2 0.10866 0.486486 0.0915033 0.486486
17 0.402778 0.566216 0.0147059 0.0459459
2 0.22835 0.490541 0.0449346 0.327027
2 0.178922 0.489189 0.0620915 0.389189
19 0.576389 0.556757 0.0269608 0.0432432
10 0.88317 0.625676 0.138889 0.413514
17 0.424428 0.55 0.00898693 0.0351351
17 0.411356 0.560811 0.0122549 0.0405405
17 0.434232 0.543243 0.00735294 0.027027
17 0.418709 0.554054 0.0106209 0.0378378
12 0.916667 0.748649 0.160131 0.0918919
10 0.610703 0.537838 0.0269608 0.124324
10 0.658497 0.554054 0.0424837 0.178378
10 0.640523 0.548649 0.0359477 0.156757
10 0.67402 0.559459 0.0473856 0.194595
10 0.617647 0.541892 0.0294118 0.132432
10 0.646242 0.551351 0.0375817 0.162162
10 0.626225 0.543243 0.0318627 0.140541
10 0.66585 0.558108 0.0441176 0.186486
10 0.622141 0.543243 0.0302288 0.135135
10 0.652369 0.552703 0.0400327 0.17027
10 0.635621 0.545946 0.0343137 0.151351
10 0.630719 0.545946 0.0326797 0.145946
5 0.616013 0.498649 0.00163399 0.121622
18 0.618873 0.466216 0.00571895 0.0459459
10 0.713644 0.574324 0.0629085 0.240541
10 0.75817 0.589189 0.0800654 0.291892
10 0.799428 0.604054 0.0988562 0.343243
10 0.856618 0.624324 0.126634 0.410811
10 0.726716 0.578378 0.0678105 0.254054
11 0.497549 0.590541 0.0424837 0.137838
5 0.54616 0.497297 0.00245098 0.194595
10 0.691993 0.566216 0.0539216 0.213514
18 0.546977 0.440541 0.00735294 0.0756757
10 0.776961 0.595946 0.0882353 0.316216
10 0.825572 0.613514 0.110294 0.372973
5 0.439134 0.409459 0.0465686 0.305405
10 0.702206 0.57027 0.0580065 0.227027
10 0.68219 0.562162 0.0506536 0.205405
10 0.741422 0.583784 0.0727124 0.275676
11 0.497549 0.601351 0.0866013 0.240541
