7 0.589052 0.598649 0.0245098 0.00810811
2 0.596405 0.539189 0.0196078 0.0459459
2 0.614379 0.562162 0.00816993 0.0702703
19 0.78799 0.712162 0.147876 0.105405
2 0.58701 0.545946 0.00408497 0.0540541
2 0.586193 0.543243 0.00245098 0.0486486
2 0.617239 0.541892 0.0220588 0.0459459
19 0.711193 0.512162 0.0433007 0.132432
2 0.591503 0.548649 0.00490196 0.0540541
19 0.693627 0.513514 0.0490196 0.156757
2 0.601307 0.554054 0.00653595 0.0594595
19 0.664624 0.624324 0.0596405 0.0432432
2 0.595997 0.551351 0.00571895 0.0594595
10 0.814951 0.645946 0.121732 0.183784

10 0.796569 0.651351 0.116013 0.189189
10 0.670752 0.593243 0.0637255 0.105405
10 0.664216 0.590541 0.0620915 0.116216
8 0.159722 0.75 0.319444 0.197297
10 0.747958 0.624324 0.0955882 0.162162
8 0.710376 0.75 0.298203 0.197297
7 0.29085 0.739189 0.29902 0.159459
8 0.288807 0.637838 0.180556 0.0756757
8 0.611111 0.637838 0.140523 0.0756757
6 0.408088 0.739189 0.0776144 0.159459
2 0.54085 0.567568 0.00326797 0.0594595
7 0.503268 0.739189 0.24183 0.159459
6 0.448938 0.633784 0.0302288 0.0513514
8 0.365605 0.590541 0.136438 0.072973
10 0.946895 0.777027 0.106209 0.402703
6 0.197712 0.909459 0.395425 0.181081
2 0.538807 0.563514 0.00245098 0.0567568
2 0.536356 0.559459 0.00245098 0.0540541
10 0.656863 0.586486 0.0522876 0.102703
10 0.750408 0.631081 0.0955882 0.191892
10 0.790033 0.647297 0.112745 0.197297
10 0.771242 0.637838 0.0882353 0.194595
10 0.749592 0.624324 0.0955882 0.135135
10 0.651144 0.57973 0.0555556 0.0891892
7 0.538807 0.564865 0.134804 0.0162162
2 0.544118 0.572973 0.00326797 0.0648649
10 0.682598 0.6 0.0661765 0.108108
12 0.827206 0.552703 0.0531046 0.0945946
12 0.686275 0.552703 0.0506536 0.0945946
10 0.676879 0.598649 0.0661765 0.127027
12 0.733252 0.552703 0.0514706 0.0945946
12 0.874183 0.552703 0.0539216 0.0945946
12 0.780229 0.552703 0.0522876 0.0945946
2 0.279003 0.490541 0.0302288 0.262162
2 0.339052 0.491892 0.0163399 0.189189
2 0.381536 0.494595 0.00980392 0.135135
2 0.323121 0.491892 0.0204248 0.205405
2 0.352124 0.493243 0.0147059 0.17027
2 0.363562 0.493243 0.0130719 0.159459
2 0.395425 0.494595 0.00816993 0.118919
2 0.303105 0.490541 0.0245098 0.22973
2 0.372958 0.494595 0.0106209 0.145946
2 0.388889 0.493243 0.00816993 0.127027
12 0.638889 0.552703 0.0506536 0.0945946
11 0.67116 0.522973 0.0465686 0.0837838
17 0.41585 0.551351 0.0114379 0.0378378
5 0.441993 0.410811 0.0441176 0.291892
2 0.0580065 0.47973 0.116013 0.554054
2 0.147059 0.483784 0.0751634 0.432432
18 0.542892 0.448649 0.00571895 0.0648649
11 0.499592 0.532432 0.0661765 0.205405
5 0.542484 0.493243 0.00163399 0.164865
5 0.52982 0.332432 0.0825163 0.551351
2 0.205474 0.486486 0.0531046 0.356757
17 0.422386 0.547297 0.00980392 0.0351351
2 0.247549 0.489189 0.0392157 0.302703
17 0.428105 0.544595 0.00816993 0.0297297
17 0.432598 0.540541 0.00735294 0.027027
5 0.354167 0.536486 0.00245098 0.175676
4 0.577614 0.535135 0.00980392 0.118919
9 0.354575 0.472973 0.0163399 0.0540541
11 0.5 0.591892 0.0441176 0.140541
11 0.5 0.605405 0.0915033 0.254054
