10 0.138072 0.768919 0.184641 0.462162
19 0.53268 0.548649 0.00490196 0.0432432
19 0.534314 0.551351 0.00490196 0.0432432
19 0.556781 0.513514 0.0106209 0.0918919
19 0.535539 0.554054 0.00571895 0.0486486
2 0.550654 0.574324 0.00326797 0.0675676
19 0.655637 0.578378 0.0138889 0.108108
6 0.417075 0.713514 0.0645425 0.12973
6 0.465278 0.590541 0.0171569 0.0243243
6 0.203431 0.889189 0.406863 0.221622
20 0.400735 0.524324 0.0171569 0.0648649
2 0.547386 0.568919 0.00326797 0.0621622
6 0.451389 0.625676 0.0285948 0.0459459
8 0.390931 0.571622 0.0759804 0.0243243
8 0.301062 0.62973 0.16585 0.0702703
7 0.426879 0.590541 0.0874183 0.0243243
7 0.500817 0.713514 0.210784 0.12973

7 0.443627 0.57027 0.0653595 0.0162162
2 0.36152 0.494595 0.0122549 0.156757
19 0.576797 0.551351 0.00816993 0.0648649
2 0.387255 0.494595 0.00816993 0.124324
1 0.648693 0.0810811 0.181373 0.162162
2 0.32067 0.491892 0.0204248 0.205405
2 0.371324 0.494595 0.0106209 0.145946
2 0.350082 0.493243 0.0138889 0.17027
2 0.393791 0.494595 0.00816993 0.118919
2 0.300654 0.490541 0.0245098 0.22973
2 0.379902 0.494595 0.00980392 0.135135
2 0.336601 0.493243 0.0163399 0.186486
1 0.649101 0.171622 0.18219 0.197297
2 0.203023 0.486486 0.0531046 0.351351
5 0.55719 0.432432 0.272876 0.864865
5 0.506944 0.417568 0.0400327 0.267568
11 0.499592 0.554054 0.0253268 0.0810811
5 0.408088 0.356757 0.0710784 0.475676
2 0.144199 0.483784 0.0743464 0.427027
1 0.727124 0.335135 0.316993 0.594595
11 0.499592 0.575676 0.0661765 0.183784
2 0.056781 0.481081 0.113562 0.545946
2 0.245098 0.489189 0.0392157 0.297297
2 0.276552 0.489189 0.0302288 0.259459
