6 0.196487 0.905405 0.392974 0.189189
6 0.475082 0.559459 0.00898693 0.0108108
7 0.387255 0.632432 0.140523 0.0540541
6 0.47018 0.571622 0.0122549 0.0135135
6 0.406046 0.735135 0.0751634 0.151351
7 0.497958 0.572973 0.0612745 0.0162162
7 0.497958 0.593243 0.0808824 0.0243243
6 0.446487 0.632432 0.0302288 0.0540541
6 0.461601 0.591892 0.0179739 0.027027
10 0.0428922 0.756757 0.0857843 0.0864865
8 0.351716 0.595946 0.110294 0.0405405
8 0.385621 0.572973 0.0784314 0.027027
8 0.700163 0.743243 0.287582 0.189189
7 0.439542 0.572973 0.0669935 0.0162162
10 0.0302288 0.777027 0.0457516 0.1
7 0.421977 0.593243 0.0906863 0.0243243
10 0.0559641 0.789189 0.111928 0.108108
7 0.450572 0.559459 0.0531046 0.0108108
8 0.544118 0.559459 0.0522876 0.0216216
8 0.159314 0.744595 0.318627 0.191892
10 0.0445261 0.768919 0.0890523 0.0783784
8 0.406863 0.559459 0.0604575 0.0216216
8 0.555147 0.572973 0.0661765 0.027027
8 0.28799 0.636486 0.178922 0.072973
10 0.229984 0.637838 0.0449346 0.0324324
10 0.063317 0.72027 0.0972222 0.0783784
10 0.0702614 0.709459 0.0800654 0.0513514
10 0.163807 0.660811 0.0547386 0.0405405
10 0.147059 0.664865 0.0196078 0.0432432
10 0.0931373 0.708108 0.0898693 0.0756757
10 0.158088 0.659459 0.0204248 0.0432432
10 0.205882 0.645946 0.0506536 0.0324324
10 0.0996732 0.67027 0.0457516 0.0432432
10 0.0163399 0.710811 0.0326797 0.0648649
10 0.199346 0.641892 0.0473856 0.0297297
10 0.0939542 0.713514 0.0473856 0.0756757
10 0.125408 0.697297 0.0841503 0.0486486
10 0.0543301 0.702703 0.0661765 0.0594595
10 0.0825163 0.751351 0.107843 0.0918919
10 0.0298203 0.697297 0.0433007 0.0540541
10 0.0232843 0.77973 0.0465686 0.1
10 0.0208333 0.755405 0.0416667 0.0783784
10 0.152778 0.701351 0.0784314 0.072973
10 0.187092 0.636486 0.0473856 0.0351351
10 0.160539 0.698649 0.0759804 0.0513514
10 0.180556 0.682432 0.0441176 0.0621622
10 0.0612745 0.704054 0.0800654 0.0513514
10 0.147059 0.675676 0.0490196 0.0486486
10 0.377042 0.577027 0.0269608 0.0189189
10 0.367647 0.581081 0.0114379 0.0216216
10 0.240605 0.627027 0.0416667 0.0324324
10 0.302288 0.6 0.0245098 0.027027
10 0.332108 0.593243 0.0318627 0.0189189
10 0.343137 0.586486 0.0196078 0.0216216
10 0.356618 0.586486 0.0285948 0.0216216
10 0.36152 0.578378 0.0171569 0.0216216
10 0.343137 0.595946 0.0310458 0.0243243
10 0.220997 0.627027 0.0138889 0.0324324
10 0.369281 0.577027 0.0277778 0.0189189
10 0.343954 0.581081 0.0277778 0.0162162
10 0.231209 0.627027 0.0147059 0.0324324
10 0.354984 0.577027 0.0269608 0.0189189
10 0.324346 0.604054 0.0277778 0.0297297
10 0.380719 0.57027 0.0245098 0.0162162
10 0.34518 0.590541 0.0138889 0.0243243
10 0.347631 0.575676 0.0269608 0.0162162
10 0.32067 0.598649 0.0334967 0.0243243
10 0.330882 0.589189 0.0196078 0.0216216
10 0.377451 0.559459 0.0163399 0.0162162
10 0.377451 0.572973 0.0212418 0.0162162
10 0.377042 0.564865 0.0220588 0.0162162
10 0.375817 0.560811 0.0212418 0.0135135
10 0.386438 0.562162 0.0196078 0.0162162
10 0.384804 0.562162 0.0130719 0.0162162
10 0.398693 0.562162 0.0179739 0.0162162
10 0.36969 0.564865 0.0220588 0.0162162
10 0.363562 0.57027 0.0245098 0.0162162
10 0.376225 0.564865 0.0106209 0.0162162
10 0.379493 0.566216 0.0236928 0.0135135
10 0.378676 0.562162 0.0122549 0.0162162
10 0.394199 0.564865 0.0220588 0.0162162
10 0.365605 0.563514 0.00735294 0.0135135
10 0.373366 0.572973 0.0196078 0.0162162
10 0.359069 0.567568 0.0138889 0.0162162
10 0.381536 0.568919 0.0147059 0.0189189
10 0.389297 0.564865 0.0204248 0.0162162
10 0.273693 0.597297 0.0277778 0.0216216
10 0.337827 0.585135 0.0285948 0.0189189
10 0.300654 0.586486 0.0147059 0.0216216
10 0.310458 0.591892 0.0294118 0.0216216
10 0.342729 0.574324 0.0204248 0.0189189
10 0.318627 0.591892 0.0310458 0.0216216
10 0.285948 0.594595 0.0212418 0.0216216
10 0.370098 0.574324 0.0245098 0.0189189
10 0.359886 0.574324 0.0253268 0.0189189
10 0.341095 0.577027 0.0236928 0.0189189
10 0.330882 0.587838 0.0130719 0.0243243
10 0.332925 0.582432 0.0285948 0.0189189
10 0.32598 0.582432 0.0245098 0.0189189
10 0.32598 0.577027 0.0261438 0.0189189
10 0.352941 0.572973 0.0179739 0.0162162
10 0.178105 0.636486 0.0457516 0.0297297
10 0.205882 0.625676 0.0441176 0.0243243
10 0.187092 0.632432 0.0343137 0.0324324
10 0.274101 0.604054 0.0318627 0.0243243
10 0.259395 0.6 0.0334967 0.0216216
10 0.260621 0.613514 0.0375817 0.0216216
10 0.196895 0.632432 0.0457516 0.0324324
10 0.247958 0.616216 0.0318627 0.027027
10 0.235703 0.612162 0.0400327 0.0297297
10 0.228758 0.622973 0.0343137 0.0297297
10 0.26348 0.612162 0.0171569 0.0297297
10 0.204657 0.631081 0.0220588 0.0351351
10 0.301471 0.598649 0.0163399 0.0243243
10 0.208742 0.618919 0.0416667 0.0324324
10 0.291258 0.593243 0.0302288 0.0189189
10 0.210376 0.624324 0.0351307 0.0324324
10 0.288807 0.594595 0.0236928 0.0216216
10 0.299428 0.593243 0.0138889 0.0243243
10 0.273693 0.604054 0.0326797 0.0243243
10 0.20384 0.617568 0.0383987 0.0297297
10 0.277369 0.598649 0.0220588 0.0243243
10 0.263072 0.610811 0.0359477 0.0216216
10 0.267974 0.601351 0.0326797 0.0243243
10 0.222222 0.610811 0.0294118 0.027027
10 0.232843 0.617568 0.0392157 0.0243243
10 0.265931 0.597297 0.0269608 0.0216216
10 0.251634 0.608108 0.0245098 0.027027
10 0.29902 0.591892 0.0212418 0.0216216
10 0.211601 0.614865 0.0375817 0.0243243
10 0.315359 0.57973 0.0245098 0.0189189
10 0.319853 0.577027 0.0204248 0.0189189
10 0.319853 0.582432 0.0155229 0.0189189
10 0.341912 0.575676 0.0236928 0.0162162
10 0.308007 0.583784 0.0261438 0.0162162
10 0.313725 0.578378 0.0245098 0.0162162
10 0.305964 0.582432 0.0171569 0.0189189
10 0.306373 0.585135 0.00980392 0.0189189
10 0.319444 0.578378 0.0212418 0.0162162
10 0.319036 0.575676 0.0236928 0.0162162
10 0.278186 0.591892 0.0285948 0.0216216
10 0.400735 0.560811 0.0204248 0.0135135
10 0.355801 0.568919 0.0204248 0.0135135
10 0.361111 0.568919 0.0212418 0.0135135
10 0.399101 0.558108 0.0187908 0.0135135
10 0.398284 0.562162 0.0106209 0.0162162
10 0.352533 0.57027 0.0122549 0.0162162
10 0.366422 0.566216 0.0187908 0.0135135
10 0.352533 0.57027 0.0138889 0.0162162
10 0.338235 0.571622 0.0196078 0.0135135
10 0.392974 0.560811 0.0179739 0.0135135
10 0.340278 0.567568 0.0204248 0.0162162
10 0.327206 0.575676 0.0236928 0.0162162
10 0.351716 0.566216 0.0204248 0.0135135
10 0.416667 0.547297 0.0130719 0.0135135
10 0.41585 0.551351 0.0179739 0.0108108
10 0.407271 0.555405 0.00735294 0.0135135
10 0.405229 0.554054 0.0130719 0.0108108
10 0.411356 0.55 0.00735294 0.0135135
10 0.396242 0.551351 0.0179739 0.0108108
10 0.391748 0.556757 0.0155229 0.0108108
10 0.404412 0.548649 0.0163399 0.0108108
10 0.408497 0.548649 0.0130719 0.0108108
10 0.41299 0.545946 0.0106209 0.0108108
10 0.394199 0.552703 0.0171569 0.0135135
10 0.392974 0.552703 0.0114379 0.0135135
10 0.404003 0.547297 0.0106209 0.0135135
10 0.394608 0.555405 0.0179739 0.0135135
10 0.400735 0.558108 0.0187908 0.0135135
10 0.421977 0.543243 0.0138889 0.0108108
10 0.413399 0.547297 0.0163399 0.00810811
10 0.423203 0.544595 0.0130719 0.00810811
10 0.398693 0.545946 0.0147059 0.0108108
10 0.407271 0.548649 0.0155229 0.0108108
10 0.410948 0.543243 0.0114379 0.0108108
10 0.40482 0.548649 0.0106209 0.0108108
10 0.414624 0.543243 0.0155229 0.0108108
10 0.410539 0.548649 0.0155229 0.0108108
10 0.403186 0.545946 0.0155229 0.0108108
10 0.412582 0.544595 0.0114379 0.00810811
10 0.413399 0.543243 0.0147059 0.0108108
10 0.386029 0.55 0.0138889 0.0135135
10 0.386846 0.548649 0.0171569 0.0108108
10 0.424428 0.544595 0.0155229 0.00810811
10 0.357026 0.567568 0.0130719 0.0162162
10 0.361928 0.563514 0.0163399 0.0135135
10 0.388889 0.554054 0.0179739 0.0108108
10 0.347631 0.57027 0.0171569 0.0162162
10 0.381127 0.555405 0.0155229 0.0135135
10 0.345588 0.566216 0.0212418 0.0135135
10 0.34518 0.564865 0.0122549 0.0162162
10 0.334559 0.566216 0.0138889 0.0135135
10 0.370915 0.558108 0.0114379 0.0135135
10 0.375 0.554054 0.0179739 0.0108108
10 0.387663 0.551351 0.0171569 0.0108108
10 0.373366 0.558108 0.0147059 0.0135135
10 0.363562 0.558108 0.0163399 0.0135135
10 0.345588 0.568919 0.0212418 0.0135135
10 0.392974 0.552703 0.00980392 0.0135135
10 0.363971 0.558108 0.0187908 0.0135135
10 0.32598 0.574324 0.0196078 0.0189189
10 0.392157 0.552703 0.0114379 0.0135135
10 0.33701 0.575676 0.0236928 0.0162162
10 0.525735 0.545946 0.0138889 0.0108108
10 0.339052 0.57027 0.00980392 0.0162162
10 0.392974 0.548649 0.0130719 0.0108108
10 0.386846 0.554054 0.0106209 0.0108108
10 0.370507 0.558108 0.00735294 0.0135135
10 0.563725 0.545946 0.0147059 0.0108108
10 0.353758 0.562162 0.0196078 0.0108108
10 0.529003 0.545946 0.0155229 0.0108108
10 0.330065 0.572973 0.00816993 0.0162162
10 0.334967 0.574324 0.0228758 0.0189189
10 0.394608 0.55 0.0147059 0.00810811
10 0.394199 0.55 0.0155229 0.00810811
10 0.345588 0.568919 0.0196078 0.0135135
10 0.550654 0.548649 0.0147059 0.0108108
10 0.542892 0.548649 0.0155229 0.0108108
10 0.558824 0.55 0.0163399 0.00810811
10 0.547386 0.551351 0.0130719 0.0108108
10 0.528186 0.548649 0.0155229 0.0108108
10 0.564134 0.548649 0.0155229 0.0108108
10 0.544118 0.555405 0.0179739 0.0135135
10 0.536356 0.545946 0.0138889 0.0108108
10 0.546977 0.545946 0.0155229 0.0108108

10 0.555964 0.554054 0.0171569 0.0108108

10 0.559641 0.555405 0.0179739 0.0135135
10 0.546977 0.552703 0.0171569 0.0135135
10 0.540033 0.556757 0.0179739 0.0108108
10 0.572712 0.556757 0.0179739 0.0108108
10 0.551879 0.560811 0.0155229 0.0135135
10 0.560866 0.560811 0.00898693 0.0135135
10 0.581291 0.563514 0.0204248 0.0135135
10 0.552696 0.562162 0.0204248 0.0162162
10 0.538399 0.563514 0.0130719 0.0135135
10 0.555556 0.556757 0.0163399 0.0108108
10 0.546569 0.560811 0.00980392 0.0135135
10 0.562908 0.563514 0.0179739 0.0135135
10 0.57598 0.562162 0.0163399 0.0162162
10 0.558824 0.558108 0.0179739 0.0135135
10 0.598039 0.589189 0.0179739 0.0216216
10 0.573938 0.582432 0.0253268 0.0189189
10 0.571078 0.577027 0.0245098 0.0189189
10 0.583333 0.57027 0.0228758 0.0162162
10 0.537582 0.571622 0.0179739 0.0189189
10 0.573938 0.567568 0.0220588 0.0162162
10 0.599265 0.572973 0.0236928 0.0162162
10 0.574755 0.595946 0.0253268 0.0243243
10 0.590278 0.567568 0.0106209 0.0162162
10 0.544118 0.572973 0.0179739 0.0162162
10 0.580474 0.568919 0.0220588 0.0135135
10 0.603758 0.574324 0.0245098 0.0189189
10 0.58701 0.577027 0.0155229 0.0189189
10 0.604984 0.586486 0.0220588 0.0216216
10 0.564134 0.57027 0.0187908 0.0162162
10 0.586193 0.571622 0.00898693 0.0189189
10 0.575163 0.572973 0.0228758 0.0162162
10 0.580474 0.564865 0.0171569 0.0162162
10 0.561275 0.577027 0.0245098 0.0189189
10 0.610703 0.581081 0.0253268 0.0162162
10 0.596814 0.581081 0.0220588 0.0216216
10 0.549428 0.575676 0.0236928 0.0162162
10 0.588644 0.57027 0.0204248 0.0162162
10 0.542892 0.563514 0.0204248 0.0135135
10 0.590278 0.575676 0.0253268 0.0162162
10 0.58701 0.583784 0.0269608 0.0216216
10 0.568627 0.604054 0.0326797 0.0243243
10 0.596814 0.589189 0.0269608 0.0216216
10 0.574346 0.587838 0.0277778 0.0189189
10 0.675654 0.637838 0.0375817 0.0378378
10 0.616422 0.641892 0.0465686 0.0297297
10 0.593137 0.62027 0.0392157 0.0297297

10 0.630719 0.617568 0.0392157 0.0297297
10 0.594771 0.605405 0.0163399 0.027027
10 0.592729 0.602703 0.0187908 0.027027

10 0.606618 0.647297 0.0465686 0.0351351
10 0.607435 0.602703 0.0318627 0.0216216
10 0.616422 0.651351 0.0334967 0.0432432
10 0.610703 0.598649 0.0236928 0.0243243
10 0.618464 0.598649 0.0277778 0.0243243
10 0.592729 0.624324 0.0400327 0.027027

10 0.661356 0.658108 0.0253268 0.0459459
10 0.600899 0.628378 0.0285948 0.0351351
10 0.58415 0.609459 0.0326797 0.0297297
10 0.654003 0.641892 0.0171569 0.0405405
10 0.674428 0.654054 0.0498366 0.0432432
10 0.72549 0.690541 0.0294118 0.0567568
10 0.615196 0.694595 0.0457516 0.0594595
10 0.689542 0.705405 0.0604575 0.0648649
10 0.754902 0.704054 0.0702614 0.0567568
10 0.647876 0.713514 0.0506536 0.0702703
10 0.744281 0.812162 0.0784314 0.116216
10 0.790033 0.713514 0.0555556 0.0648649
10 0.732435 0.737838 0.0808824 0.0702703
10 0.765523 0.910811 0.0637255 0.178378
10 0.160539 0.148649 0.152778 0.297297
10 0.710376 0.752703 0.0727124 0.0891892
10 0.217729 0.244595 0.13317 0.316216
11 0.497958 0.532432 0.0629085 0.0810811
10 0.923203 0.82973 0.133987 0.12973
10 0.783088 0.771622 0.0972222 0.0945946
5 0.520833 0.321622 0.0874183 0.589189
10 0.656454 0.728378 0.0759804 0.0567568
10 0.822712 0.933784 0.102941 0.132432
10 0.925654 0.814865 0.125817 0.116216
