10 0.267974 0.545946 0.156863 0.708108
10 0.580474 0.509459 0.0171569 0.0621622
19 0.607435 0.548649 0.0187908 0.0216216
19 0.611111 0.552703 0.0196078 0.0243243
2 0.619281 0.547297 0.0196078 0.0405405
2 0.592729 0.547297 0.0187908 0.0405405
2 0.643382 0.547297 0.0187908 0.0405405
10 0.156863 0.614865 0.207516 0.77027
2 0.534722 0.541892 0.00735294 0.0405405
10 0.242239 0.57973 0.183824 0.727027
2 0.285539 0.490541 0.0285948 0.251351
2 0.382761 0.493243 0.00898693 0.132432
7 0.544118 0.572973 0.150327 0.0216216
19 0.580882 0.544595 0.0228758 0.0351351
2 0.354575 0.493243 0.0130719 0.164865
7 0.440768 0.574324 0.0710784 0.0189189
10 0.64951 0.608108 0.0473856 0.12973
2 0.326389 0.491892 0.0187908 0.2
2 0.341912 0.493243 0.0155229 0.181081
2 0.256127 0.489189 0.0367647 0.286486
2 0.374592 0.493243 0.0106209 0.143243
2 0.365605 0.493243 0.0122549 0.154054
2 0.308007 0.491892 0.0228758 0.221622
7 0.562908 0.601351 0.215686 0.0351351
2 0.389706 0.494595 0.00816993 0.124324
8 0.23366 0.678378 0.344771 0.2
5 0.416258 0.368919 0.0645425 0.42973
17 0.379085 0.581081 0.0212418 0.0594595
17 0.402778 0.563514 0.0147059 0.0459459
5 0.448938 0.418919 0.0400327 0.264865
17 0.392157 0.571622 0.0179739 0.0513514
2 0.217729 0.487838 0.0482026 0.332432
5 0.555964 0.397297 0.0318627 0.340541
5 0.935458 0.382432 0.0539216 0.386486
2 0.165033 0.485135 0.0669935 0.402703
17 0.418709 0.554054 0.0106209 0.0378378
2 0.0874183 0.482432 0.0996732 0.505405
17 0.411356 0.558108 0.0122549 0.0405405
5 0.425654 0.495946 0.00163399 0.121622
5 0.640114 0.494595 0.00245098 0.145946
18 0.643382 0.454054 0.00735294 0.0540541
18 0.426062 0.460811 0.00408497 0.0459459
18 0.560866 0.413514 0.0106209 0.108108
11 0.498366 0.712162 0.321895 0.575676
5 0.560458 0.491892 0.00326797 0.275676
4 0.642157 0.551351 0.0130719 0.172973
