10 0.128676 0.516216 0.257353 0.967568
10 0.153595 0.502703 0.240196 0.994595
19 0.651552 0.551351 0.0204248 0.0216216
19 0.57884 0.566216 0.0187908 0.0297297
10 0.308415 0.493243 0.13317 0.532432
19 0.625408 0.548649 0.0187908 0.0216216
7 0.620915 0.67973 0.413399 0.105405
19 0.642974 0.566216 0.0261438 0.0297297
2 0.546977 0.559459 0.0106209 0.0540541
10 0.60866 0.513514 0.0245098 0.0810811
0 0.479575 0.555405 0.0996732 0.0027027
8 0.346814 0.604054 0.164216 0.0891892
19 0.653186 0.575676 0.0269608 0.0324324
7 0.439134 0.575676 0.0743464 0.0216216
10 0.781454 0.685135 0.0874183 0.218919
2 0.631127 0.567568 0.0269608 0.0594595
2 0.703023 0.567568 0.0269608 0.0594595
2 0.669118 0.567568 0.0277778 0.0594595
10 0.802696 0.727027 0.139706 0.291892
1 0.594363 0.497297 0.0482026 0.124324
2 0.563725 0.563514 0.0179739 0.0567568
2 0.593954 0.564865 0.0245098 0.0594595
2 0.356209 0.493243 0.0130719 0.164865
2 0.383578 0.495946 0.00898693 0.132432
2 0.375817 0.494595 0.00980392 0.140541
2 0.310458 0.493243 0.0228758 0.218919
2 0.288399 0.490541 0.0277778 0.245946
2 0.32884 0.493243 0.0187908 0.197297
2 0.343546 0.494595 0.0155229 0.178378
2 0.36683 0.494595 0.0114379 0.151351
10 0.830474 0.660811 0.110294 0.218919
12 0.611111 0.531081 0.111111 0.0621622
2 0.260212 0.490541 0.0351307 0.283784
2 0.390931 0.495946 0.00735294 0.121622
10 0.818627 0.675676 0.0915033 0.221622
12 0.807598 0.532432 0.281863 0.0648649
19 0.610294 0.560811 0.0326797 0.0513514
2 0.172386 0.486486 0.0637255 0.394595
2 0.0988562 0.483784 0.0947712 0.491892
2 0.223448 0.489189 0.0465686 0.32973
1 0.689134 0.163514 0.268791 0.267568
5 0.576797 0.356757 0.0424837 0.475676
1 0.689134 0.267568 0.268791 0.216216
17 0.352941 0.6 0.0294118 0.0756757
11 0.5 0.590541 0.0441176 0.137838
5 0.698121 0.494595 0.00245098 0.205405
1 0.690359 0.491892 0.261438 0.162162
18 0.703023 0.436486 0.0106209 0.0783784
5 0.434641 0.397297 0.0506536 0.340541
17 0.289624 0.644595 0.0563725 0.116216
2 0.0298203 0.478378 0.0596405 0.648649
1 0.689134 0.37027 0.268791 0.162162
17 0.327206 0.618919 0.0400327 0.0918919
5 0.401552 0.495946 0.00245098 0.159459
18 0.640114 0.302703 0.0285948 0.254054
17 0.386846 0.575676 0.0187908 0.0540541
18 0.402778 0.451351 0.00653595 0.0594595
4 0.714461 0.525676 0.00571895 0.0837838
17 0.372141 0.586486 0.0236928 0.0648649
5 0.636029 0.483784 0.00898693 0.627027
11 0.501225 0.640541 0.120098 0.335135
