1 0.550654 0.443243 0.0408497 0.118919
6 0.333333 0.855405 0.189542 0.289189
6 0.468137 0.578378 0.0147059 0.0216216
10 0.576389 0.352703 0.0465686 0.462162
19 0.651552 0.57027 0.0171569 0.102703
1 0.558415 0.435135 0.0482026 0.135135
6 0.457516 0.608108 0.0228758 0.0378378
10 0.336601 0.468919 0.122549 0.489189
20 0.661356 0.618919 0.0318627 0.027027
7 0.604984 0.654054 0.0400327 0.0162162
10 0.194036 0.583784 0.164216 0.659459
7 0.447304 0.560811 0.0596405 0.0135135
6 0.433007 0.668919 0.0457516 0.0837838
2 0.388072 0.491892 0.00816993 0.124324
2 0.372958 0.490541 0.0106209 0.143243
7 0.5 0.608108 0.0980392 0.0378378
1 0.815768 0.162162 0.368464 0.324324
7 0.35335 0.67027 0.195261 0.0864865
38
7 0.500408 0.67027 0.162582 0.0864865
7 0.433415 0.578378 0.0776144 0.0216216
1 0.815768 0.162162 0.368464 0.3243219 0.525327 0.527027 0.00490196 0.0378378
8 0.225082 0.675676 0.257353 0.113514
7 0.408905 0.608108 0.111928 0.0378378
8 0.32598 0.610811 0.138889 0.0540541
8 0.372141 0.57973 0.0923203 0.0351351
1 0.824346 0.459459 0.351307 0.497297
5 0.384395 0.32027 0.0890523 0.586486
11 0.499592 0.567568 0.0612745 0.172973
2 0.323529 0.487838 0.0196078 0.202703
2 0.155229 0.481081 0.0702614 0.410811
2 0.363154 0.490541 0.0122549 0.154054
2 0.30433 0.487838 0.0236928 0.224324
19 0.532271 0.539189 0.00735294 0.0459459
2 0.250817 0.486486 0.0375817 0.291892
5 0.507353 0.412162 0.0408497 0.272973
2 0.0739379 0.478378 0.105392 0.518919
2 0.351716 0.489189 0.0138889 0.167568
2 0.210784 0.483784 0.0506536 0.340541
2 0.280637 0.486486 0.0302288 0.254054
11 0.499592 0.544595 0.0236928 0.072973
2 0.339052 0.489189 0.0163399 0.183784
