10 0.303513 0.567568 0.126634 0.497297
1 0.651961 0.332432 0.150327 0.378378
10 0.184232 0.663514 0.18219 0.672973
2 0.540033 0.564865 0.00326797 0.0594595
1 0.586193 0.406757 0.0759804 0.208108
1 0.610294 0.37973 0.101307 0.267568
10 0.289624 0.57973 0.131536 0.532432
10 0.251634 0.458108 0.202614 0.764865
2 0.544118 0.571622 0.00326797 0.0675676
6 0.459559 0.602703 0.0204248 0.0324324
6 0.468954 0.577027 0.0130719 0.0189189
2 0.537173 0.560811 0.00245098 0.0567568
6 0.439951 0.652703 0.0383987 0.0675676
8 0.401961 0.564865 0.0653595 0.0216216
7 0.215686 0.813514 0.426471 0.254054
7 0.500408 0.813514 0.330882 0.254054
7 0.498775 0.577027 0.0661765 0.0189189
7 0.499592 0.652703 0.14134 0.0675676
7 0.499183 0.602703 0.0898693 0.0324324
7 0.370507 0.652703 0.167484 0.0675676
7 0.436275 0.577027 0.0735294 0.0189189
6 0.377042 0.812162 0.118464 0.251351
7 0.414624 0.602703 0.102124 0.0324324
2 0.377451 0.494595 0.00980392 0.135135
8 0.256536 0.658108 0.21732 0.0945946
1 0.630719 0.290541 0.147059 0.132432
2 0.391748 0.494595 0.00735294 0.118919
2 0.369281 0.494595 0.0114379 0.145946
8 0.338235 0.605405 0.124183 0.0486486
8 0.560458 0.57973 0.0718954 0.0297297
1 0.630719 0.195946 0.147059 0.143243
1 0.630719 0.195946 0.147059 0.143243
19 0.535131 0.544595 0.00653595 0.0567568
1 0.630719 0.385135 0.147059 0.116216
8 0.144199 0.828378 0.288399 0.305405
1 0.630719 0.290541 0.147059 0.132432
8 0.581699 0.605405 0.101307 0.0486486
8 0.378268 0.57973 0.0866013 0.0297297
2 0.317402 0.493243 0.0204248 0.208108
2 0.272059 0.490541 0.0310458 0.262162
2 0.347631 0.493243 0.0138889 0.17027
2 0.333742 0.493243 0.0171569 0.186486
2 0.297386 0.491892 0.0245098 0.232432
2 0.359069 0.494595 0.0122549 0.156757
19 0.550654 0.568919 0.0114379 0.072973
5 0.509804 0.37973 0.0588235 0.397297
11 0.498775 0.545946 0.0220588 0.0702703
19 0.57598 0.517568 0.0130719 0.0891892
2 0.136029 0.485135 0.0776144 0.435135
2 0.196487 0.487838 0.0547386 0.359459
2 0.239788 0.489189 0.0400327 0.302703
11 0.498366 0.566216 0.0571895 0.159459
5 0.153595 0.427027 0.277778 0.854054
2 0.0518791 0.481081 0.103758 0.556757
