10 0.190768 0.691892 0.18219 0.616216
19 0.527369 0.541892 0.00408497 0.0351351
19 0.546977 0.510811 0.00898693 0.0756757
19 0.526552 0.539189 0.00408497 0.0351351
6 0.418709 0.709459 0.0629085 0.121622
2 0.535539 0.551351 0.00245098 0.0486486
7 0.427288 0.587838 0.0866013 0.0243243
6 0.465686 0.587838 0.0163399 0.0243243
2 0.537173 0.554054 0.00245098 0.0486486
6 0.204657 0.886486 0.409314 0.227027
19 0.607843 0.554054 0.00816993 0.0756757
6 0.451797 0.624324 0.0277778 0.0486486
19 0.528186 0.543243 0.00408497 0.0378378
19 0.961601 0.810811 0.0767974 0.313514
7 0.39665 0.624324 0.129902 0.0486486
19 0.529003 0.543243 0.00245098 0.0378378
2 0.394199 0.494595 0.00735294 0.118919
7 0.5 0.587838 0.0767974 0.0243243
7 0.500408 0.624324 0.111928 0.0486486
1 0.617239 0.140541 0.139706 0.162162
8 0.303513 0.628378 0.162582 0.0675676
8 0.360703 0.591892 0.103758 0.0378378
8 0.166667 0.717568 0.333333 0.159459
1 0.617239 0.0675676 0.139706 0.135135
4
7 0.318219 0.710811 0.252451 0.124324
2 0.387663 0.494595 0.00898693 0.124324
1 0.617647 0.237838 0.140523 0.145946
2 0.278186 0.490541 0.0302288 0.256757
2 0.148284 0.483784 0.0727124 0.421622
5 0.525327 0.332432 0.122549 0.664865
2 0.350899 0.493243 0.0138889 0.17027
2 0.337418 0.493243 0.0163399 0.186486
2 0.0629085 0.481081 0.111111 0.535135
2 0.205882 0.487838 0.0522876 0.348649
2 0.372141 0.493243 0.0106209 0.143243
1 0.660539 0.385135 0.213235 0.413514
2 0.302288 0.491892 0.0245098 0.227027
5 0.429739 0.390541 0.0539216 0.359459
2 0.362337 0.493243 0.0122549 0.154054
2 0.38031 0.494595 0.00898693 0.135135
2 0.247141 0.489189 0.0383987 0.297297
2 0.321487 0.491892 0.0204248 0.205405
11 0.499592 0.574324 0.0645425 0.181081
11 0.499592 0.554054 0.0253268 0.0810811
