6 0.200572 0.895946 0.401144 0.208108
6 0.41299 0.722973 0.0694444 0.137838
6 0.450163 0.628378 0.0294118 0.0513514
6 0.464461 0.590541 0.0171569 0.0243243
6 0.477533 0.556757 0.00898693 0.0108108
7 0.500817 0.724324 0.222222 0.140541
7 0.5 0.591892 0.0800654 0.027027
7 0.500408 0.62973 0.11683 0.0486486
6 0.472222 0.57027 0.0114379 0.0162162
17 0.274101 0.65 0.0465686 0.116216
12 0.390931 0.539189 0.00898693 0.0297297
15 0.457925 0.560811 0.339052 0.0837838
7 0.44281 0.57027 0.0653595 0.0162162
7 0.392565 0.62973 0.134804 0.0486486
7 0.5 0.57027 0.0604575 0.0162162
17 0.30433 0.62973 0.0367647 0.0972973
17 0.172794 0.72027 0.0906863 0.181081
7 0.453431 0.556757 0.0522876 0.0108108
17 0.233252 0.678378 0.0629085 0.140541
7 0.305147 0.724324 0.273693 0.140541


8 0.556373 0.572973 0.0653595 0.027027
12 0.385621 0.541892 0.00980392 0.0297297
15 0.437092 0.67027 0.874183 0.264865
12 0.379493 0.544595 0.0106209 0.0351351
7 0.425245 0.591892 0.0890523 0.027027
15 0.468137 0.545946 0.254902 0.0648649
17 0.536356 0.566216 0.00735294 0.0459459
17 0.410948 0.556757 0.00980392 0.0378378
17 0.52982 0.554054 0.00571895 0.0378378
17 0.398284 0.566216 0.0122549 0.0459459
17 0.40482 0.560811 0.0106209 0.0405405
17 0.345588 0.601351 0.0245098 0.072973
17 0.415441 0.554054 0.00898693 0.0378378
17 0.359886 0.591892 0.0204248 0.0648649
17 0.372141 0.583784 0.0171569 0.0594595
17 0.382761 0.575676 0.0155229 0.0540541
17 0.533905 0.560811 0.00735294 0.0405405
17 0.390931 0.57027 0.0138889 0.0486486
17 0.531863 0.558108 0.00653595 0.0405405
5 0.143791 0.432432 0.285948 0.864865
17 0.65768 0.791892 0.0669935 0.254054
17 0.598448 0.67973 0.0318627 0.143243
17 0.555964 0.601351 0.0138889 0.072973
17 0.54616 0.583784 0.0106209 0.0594595
17 0.726307 0.859459 0.122549 0.281081
17 0.539216 0.57027 0.00816993 0.0486486
17 0.571078 0.62973 0.0196078 0.0972973
17 0.620915 0.721622 0.0441176 0.183784
10 0.0886438 0.539189 0.13317 0.354054
17 0.582516 0.65 0.0245098 0.116216
17 0.562908 0.614865 0.0163399 0.0837838
17 0.550654 0.591892 0.0114379 0.0648649
5 0.513072 0.363514 0.0669935 0.451351
17 0.542075 0.575676 0.00898693 0.0540541
