10 0.10049 0.675676 0.20098 0.648649
10 0.148693 0.683784 0.204248 0.632432
10 0.189542 0.628378 0.179739 0.743243
10 0.261438 0.572973 0.169935 0.664865
10 0.284722 0.543243 0.146242 0.648649
17 0.401144 0.566216 0.0147059 0.0459459
2 0.0821078 0.482432 0.102124 0.510811
2 0.161356 0.485135 0.0678105 0.408108
2 0.374592 0.493243 0.0106209 0.143243
2 0.365196 0.493243 0.0114379 0.154054
2 0.543709 0.540541 0.0122549 0.0378378
8 0.277778 0.65 0.271242 0.154054
10 0.633578 0.595946 0.0400327 0.116216
2 0.382761 0.494595 0.00898693 0.135135
2 0.389706 0.494595 0.00816993 0.124324
19 0.604167 0.551351 0.0187908 0.0216216
2 0.30719 0.491892 0.0228758 0.221622
2 0.32598 0.491892 0.0196078 0.2
19 0.555964 0.545946 0.0138889 0.0216216
2 0.633987 0.544595 0.0179739 0.0405405
2 0.354167 0.494595 0.0138889 0.167568
2 0.611928 0.544595 0.0179739 0.0405405
7 0.445261 0.567568 0.0653595 0.0162162
10 0.656046 0.574324 0.0441176 0.1
2 0.341503 0.493243 0.0163399 0.181081
7 0.54085 0.568919 0.138889 0.0189189
19 0.601307 0.545946 0.0179739 0.0216216
7 0.456699 0.554054 0.0506536 0.0108108
10 0.575572 0.509459 0.0155229 0.0567568
19 0.57598 0.541892 0.0212418 0.0351351
2 0.586601 0.544595 0.0179739 0.0405405
2 0.283905 0.490541 0.0285948 0.251351
2 0.254493 0.490541 0.0367647 0.289189
6 0.375 0.821622 0.124183 0.264865
2 0.215278 0.487838 0.0498366 0.337838
2 0.562908 0.543243 0.0163399 0.0378378
18 0.430556 0.464865 0.00490196 0.0432432
5 0.430147 0.495946 0.000816993 0.116216
5 0.423611 0.381081 0.0596405 0.394595
5 0.553513 0.493243 0.00245098 0.245946
18 0.634395 0.458108 0.00735294 0.0513514
17 0.417484 0.554054 0.0114379 0.0378378
5 0.552696 0.404054 0.0302288 0.316216
17 0.42402 0.55 0.00980392 0.0351351
18 0.553922 0.422973 0.00980392 0.0945946
17 0.410131 0.559459 0.0130719 0.0432432
5 0.905229 0.390541 0.0473856 0.359459
11 0.498775 0.708108 0.178922 0.497297
11 0.500408 0.636486 0.0661765 0.208108
4 0.906046 0.655405 0.0539216 0.505405
