10 0.226307 0.67027 0.124183 0.513514
10 0.161356 0.613514 0.198529 0.772973
7 0.412173 0.604054 0.111928 0.0459459
10 0.0992647 0.783784 0.190359 0.432432
7 0.501225 0.604054 0.0988562 0.0459459
8 0.236928 0.67027 0.24183 0.108108
8 0.344771 0.604054 0.165033 0.0891892
7 0.5 0.664865 0.155229 0.0810811
7 0.359886 0.664865 0.185458 0.0810811
6 0.351307 0.852703 0.158497 0.294595
6 0.435866 0.664865 0.0433007 0.0810811
19 0.595588 0.618919 0.0604575 0.102703
10 0.693219 0.363514 0.136438 0.727027
10 0.253676 0.589189 0.11683 0.540541
10 0.589052 0.328378 0.0555556 0.548649
17 0.411356 0.555405 0.0122549 0.0405405
2 0.0371732 0.47973 0.0743464 0.61352 0.2 0.312092 0.491892 0.0212418 0.21622 0.356209 0.494595 0.0130719 0.162162
2 0.111111 0.483784 0.0882353 0.47027

2 0.290441 0.490541 0.0269608 0.240541
2 0.383578 0.494595 0.00898693 0.12973
2 0.329657 0.491892 0.0187908 0.194595
17 0.417892 0.551351 0.0106209 0.0378378
2 0.375817 0.494595 0.00980392 0.140541
2 0.227941 0.489189 0.0441176 0.318919
17 0.428922 0.544595 0.00816993 0.0297297
2 0.390523 0.494595 0.00816993 0.124324
2 0.179739 0.486486 0.0604575 0.378378
17 0.42402 0.547297 0.00980392 0.0351351
5 0.543709 0.493243 0.00245098 0.202703
18 0.544118 0.436486 0.00816993 0.0783784
5 0.350899 0.324324 0.115196 0.648649
5 0.437908 0.405405 0.0473856 0.313514
11 0.499592 0.578378 0.0678105 0.189189
11 0.510621 0.547297 0.0326797 0.072973
5 0.360294 0.532432 0.00163399 0.162162
9 0.361111 0.475676 0.0147059 0.0486486
