1 0.741013 0.267568 0.267974 0.535135
7 0.449346 0.562162 0.0571895 0.0108108
6 0.459559 0.602703 0.0204248 0.0324324
2 0.560049 0.595946 0.00571895 0.0891892
2 0.568219 0.610811 0.00735294 0.102703
2 0.548203 0.577027 0.00326797 0.072973
7 0.436275 0.577027 0.0735294 0.0189189
2 0.540441 0.564865 0.00245098 0.0594595
10 0.527369 0.445946 0.0155229 0.167568
10 0.533905 0.436486 0.0187908 0.202703
6 0.439542 0.655405 0.0392157 0.072973
6 0.372141 0.825676 0.126634 0.267568
2 0.535539 0.556757 0.00245098 0.0540541
1 0.64951 0.335135 0.147059 0.367568
6 0.469771 0.577027 0.0130719 0.0189189
2 0.53799 0.560811 0.00245098 0.0567568
2 0.553513 0.586486 0.00408497 0.0810811
2 0.543709 0.57027 0.00245098 0.0648649
8 0.401961 0.564865 0.0653595 0.0216216
7 0.414624 0.602703 0.103758 0.0324324
7 0.368464 0.655405 0.171569 0.072973
7 0.501225 0.827027 0.347222 0.27027
7 0.214052 0.827027 0.428105 0.27027
7 0.5 0.602703 0.0915033 0.0324324
7 0.500408 0.655405 0.144608 0.072973
7 0.499592 0.577027 0.0661765 0.0189189
1 0.66585 0.356757 0.187908 0.151351
757
8 0.252451 0.660811 0.222222 0.0945946

1 0.66585 0.237838 0.187908 0.167568

1 0.66585 0.12027 0.187908 0.186486
8 0.583742 0.606757 0.102124 0.0513514
1 0.66585 0.12027 0.187908 0.186486
8 0.377859 0.57973 0.0874183 0.0297297
1 0.61152 0.244595 0.131536 0.137838
1 0.61152 0.151351 0.131536 0.156757
1 0.66585 0.237838 0.187908 0.167568
2 0.130719 0.483784 0.0800654 0.443243
5 0.514297 0.336486 0.0808824 0.543243
1 0.61152 0.0716216 0.131536 0.143243
2 0.333333 0.491892 0.0179739 0.189189
2 0.392157 0.494595 0.00816993 0.118919
2 0.377451 0.494595 0.00980392 0.135135
2 0.359069 0.493243 0.0122549 0.159459
2 0.369281 0.494595 0.0114379 0.145946
2 0.316993 0.491892 0.0212418 0.210811
2 0.237337 0.489189 0.0416667 0.308108
2 0.385212 0.494595 0.00898693 0.12973
2 0.270833 0.490541 0.0318627 0.267568
2 0.193219 0.486486 0.0563725 0.362162
2 0.29616 0.490541 0.0253268 0.235135
2 0.347222 0.494595 0.0147059 0.172973
19 0.597631 0.522973 0.0171569 0.110811
11 0.499183 0.567568 0.0588235 0.162162
11 0.499592 0.545946 0.0220588 0.0702703
19 0.579248 0.605405 0.0179739 0.113514
