10 0.656046 0.782432 0.117647 0.435135
6 0.962827 0.622973 0.0743464 0.0027027
7 0.652778 0.641892 0.178105 0.0351351
7 0.5 0.866216 1 0.267568
2 0.993056 0.493243 0.0138889 0.186486
7 0.567402 0.656757 0.213235 0.0540541
7 0.353758 0.686486 0.232026 0.0918919
7 0.604167 0.616216 0.18219 0.027027
2 0.64665 0.489189 0.700163 0.264865
2 0.917075 0.493243 0.0498366 0.186486
8 0.649918 0.608108 0.543301 0.0486486
7 0.472222 0.635135 0.218954 0.0486486
17 0.460784 0.624324 0.424837 0.140541
10 0.83415 0.725676 0.285948 0.375676
2 0.963644 0.493243 0.0498366 0.186486
7 0.843546 0.639189 0.312908 0.0297297
7 0.794526 0.613514 0.273693 0.0216216
7 0.520425 0.695946 0.210784 0.072973
2 0.870098 0.493243 0.0490196 0.186486
5 0.645833 0.331081 0.0318627 0.559459
9 0.779412 0.37027 0.0833333 0.259459
11 0.783905 0.566216 0.144608 0.159459
5 0.252451 0.372973 0.191176 0.745946
