6 0.328023 0.859459 0.198529 0.281081
7 0.486928 0.566216 0.101307 0.0135135
6 0.433415 0.672973 0.0465686 0.0864865
7 0.507353 0.57973 0.0784314 0.0135135
7 0.572304 0.568919 0.0776144 0.00810811
7 0.501634 0.674324 0.166667 0.0891892
8 0.579248 0.559459 0.289216 0.0216216
8 0.595588 0.606757 0.133987 0.072973
8 0.222222 0.67973 0.261438 0.116216
7 0.409722 0.606757 0.11683 0.0459459
7 0.352124 0.674324 0.197712 0.0891892
8 0.647467 0.67973 0.196895 0.116216
7 0.501634 0.606757 0.0996732 0.0459459
11 0.499183 0.555405 0.107843 0.137838
10 0.625408 0.452703 0.105392 0.278378
6 0.702206 0.594595 0.515523 0.0648649
11 0.683007 0.539189 0.0359477 0.0621622
10 0.623366 0.577027 0.0915033 0.127027
5 0.580474 0.406757 0.0122549 0.3
9 0.261029 0.455405 0.0269608 0.0837838
17 0.483252 0.554054 0.175654 0.0486486
5 0.413807 0.37027 0.0645425 0.427027
5 0.260212 0.560811 0.00408497 0.294595
8 0.363562 0.598649 0.21732 0.0891892
2 0.575163 0.493243 0.361111 0.137838
5 0.550654 0.532432 0.00163399 0.162162
10 0.263072 0.367568 0.220588 0.594595
5 0.5625 0.394595 0.218137 0.789189
9 0.550654 0.474324 0.0147059 0.0459459
