7 0.310866 0.612162 0.0318627 0.00810811
10 0.602941 0.518919 0.0277778 0.0972973
19 0.66299 0.555405 0.0187908 0.0243243
7 0.598039 0.612162 0.0277778 0.00810811
20 0.250817 0.537838 0.0147059 0.0594595
20 0.21732 0.537838 0.0163399 0.0594595
20 0.125 0.551351 0.0228758 0.0756757
20 0.115196 0.539189 0.0179739 0.0567568
20 0.112745 0.536486 0.0179739 0.0567568
20 0.245507 0.536486 0.0155229 0.0567568
20 0.0502451 0.541892 0.0220588 0.0675676
20 0.128676 0.552703 0.0236928 0.0783784
20 0.0894608 0.540541 0.0204248 0.0648649
20 0.144608 0.536486 0.0163399 0.0567568
20 0.167892 0.551351 0.0220588 0.0756757
20 0.142974 0.536486 0.0163399 0.0567568
20 0.00653595 0.541892 0.0130719 0.0621622
20 0.164624 0.547297 0.0204248 0.072973
20 0.0506536 0.543243 0.0228758 0.0702703
20 0.0102124 0.552703 0.0204248 0.0783784
20 0.00857843 0.539189 0.0171569 0.0621622
20 0.0886438 0.541892 0.0220588 0.0675676
2 0.339461 0.552703 0.00735294 0.0513514
2 0.352124 0.548649 0.00653595 0.0432432
19 0.60335 0.575676 0.0400327 0.0648649
2 0.30719 0.564865 0.00980392 0.0594595
19 0.370507 0.505405 0.0383987 0.124324
2 0.219771 0.593243 0.0212418 0.0891892
2 0.174428 0.609459 0.0285948 0.105405
20 0.233252 0.512162 0.0531046 0.116216
8 0.200163 0.701351 0.400327 0.240541
2 0.285539 0.571622 0.0122549 0.0675676
20 0.146242 0.516216 0.0751634 0.151351
6 0.204248 0.883784 0.408497 0.232432
2 0.25817 0.581081 0.0163399 0.0756757
15 0.47549 0.536486 0.204248 0.0513514
20 0.128268 0.510811 0.0571895 0.113514
20 0.223448 0.539189 0.0171569 0.0621622
19 0.314951 0.556757 0.0122549 0.0702703
20 0.0686275 0.514865 0.0735294 0.137838
2 0.365605 0.541892 0.0187908 0.0351351
2 0.27451 0.541892 0.0196078 0.0351351
2 0.256127 0.541892 0.0187908 0.0351351
2 0.347631 0.541892 0.0187908 0.0351351
2 0.329657 0.541892 0.0187908 0.0351351
2 0.292892 0.541892 0.0187908 0.0351351
2 0.310866 0.541892 0.0187908 0.0351351
11 0.5 0.789189 0.300654 0.421622
5 0.423203 0.494595 0.00163399 0.124324
2 0.641748 0.541892 0.0187908 0.0351351
5 0.566993 0.490541 0.00326797 0.3
5 0.442402 0.408108 0.0449346 0.302703
18 0.423611 0.459459 0.00408497 0.0486486
2 0.659722 0.541892 0.0187908 0.0351351
5 0.660539 0.347297 0.0302288 0.5
11 0.499592 0.647297 0.255719 0.310811
2 0.69567 0.541892 0.0187908 0.0351351
2 0.714461 0.541892 0.0187908 0.0351351
5 0.223039 0.394595 0.223856 0.789189
2 0.677696 0.541892 0.0187908 0.0351351
18 0.651144 0.451351 0.00653595 0.0594595
2 0.238154 0.541892 0.0187908 0.0351351
18 0.56781 0.405405 0.00980392 0.118919
2 0.201389 0.541892 0.0187908 0.0351351
2 0.623775 0.541892 0.0187908 0.0351351
2 0.183007 0.541892 0.0196078 0.0351351
5 0.647467 0.494595 0.00245098 0.151351
2 0.219363 0.541892 0.0187908 0.0351351
