10 0.277369 0.522973 0.159314 0.683784
10 0.122958 0.782432 0.154412 0.435135
6 0.464461 0.590541 0.0171569 0.0243243
6 0.20098 0.895946 0.401961 0.208108
19 0.577206 0.616216 0.00898693 0.0972973
19 0.596405 0.522973 0.0196078 0.159459
6 0.413807 0.722973 0.0694444 0.137838
2 0.673611 0.763514 0.0367647 0.267568
10 0.529003 0.445946 0.0155229 0.172973
10 0.345588 0.483784 0.0947712 0.464865
19 0.573121 0.612162 0.0138889 0.1
19 0.562092 0.593243 0.0114379 0.0837838
10 0.330882 0.493243 0.125817 0.478378
10 0.209559 0.722973 0.151144 0.554054
2 0.642157 0.713514 0.0245098 0.210811
19 0.567402 0.602703 0.0122549 0.0918919
20 0.341503 0.540541 0.0310458 0.102703
7 0.44281 0.57027 0.0653595 0.0162162
6 0.450163 0.628378 0.0294118 0.0513514
8 0.163399 0.731081 0.326797 0.175676
1 0.623775 0.487838 0.138072 0.143243
1 0.620507 0.283784 0.144608 0.12973
19 0.672386 0.616216 0.0228758 0.145946
19 0.529003 0.536486 0.0171569 0.0297297
8 0.356618 0.593243 0.107026 0.0405405
1 0.623775 0.487838 0.138072 0.143243
8 0.29616 0.632432 0.170752 0.0702703
7 0.500408 0.62973 0.11683 0.0486486
7 0.392974 0.62973 0.135621 0.0486486
7 0.305556 0.722973 0.272876 0.137838
8 0.389706 0.572973 0.0767974 0.027027
7 0.425245 0.591892 0.0890523 0.027027
1 0.620507 0.377027 0.144608 0.116216
1 0.620507 0.377027 0.144608 0.116216
2 0.392974 0.494595 0.00816993 0.118919
2 0.370098 0.494595 0.0114379 0.145946
2 0.386438 0.494595 0.00816993 0.12973
2 0.360294 0.493243 0.0130719 0.159459
2 0.348856 0.493243 0.0147059 0.17027
2 0.318219 0.493243 0.0204248 0.208108
1 0.620507 0.283784 0.144608 0.12973
2 0.334559 0.491892 0.0171569 0.189189
1 0.620507 0.189189 0.144608 0.140541
1 0.620507 0.189189 0.144608 0.140541
2 0.379085 0.494595 0.00980392 0.135135
5 0.511438 0.372973 0.0620915 0.416216
5 0.252451 0.378378 0.199346 0.756757
2 0.197304 0.487838 0.0547386 0.359459
2 0.240605 0.489189 0.0400327 0.302703
2 0.298611 0.491892 0.0253268 0.232432
2 0.273284 0.490541 0.0318627 0.262162
11 0.499592 0.554054 0.0269608 0.0810811
2 0.136029 0.483784 0.0776144 0.437838
11 0.499592 0.582432 0.0710784 0.197297
