7 0.399918 0.618919 0.126634 0.0486486
7 0.270833 0.75 0.348856 0.213514
10 0.22018 0.774324 0.125 0.451351
7 0.574755 0.618919 0.260621 0.0486486
7 0.548611 0.582432 0.170752 0.0243243
2 0.390523 0.493243 0.00816993 0.121622
7 0.503676 0.75 0.278595 0.213514
10 0.143382 0.755405 0.156046 0.489189
10 0.124592 0.604054 0.221405 0.791892
7 0.690768 0.62973 0.0383987 0.0108108
8 0.379493 0.57973 0.11683 0.0621622
8 0.196078 0.755405 0.392157 0.332432
9 0.176879 0.444595 0.0351307 0.110811
5 0.59232 0.487838 0.00490196 0.42973
2 0.182598 0.485135 0.0596405 0.375676
5 0.508578 0.417568 0.0400327 0.267568
19 0.664216 0.524324 0.0196078 0.0972973
2 0.344363 0.493243 0.0155229 0.175676
5 0.423203 0.494595 0.00163399 0.124324
5 0.655637 0.494595 0.00245098 0.162162
17 0.40768 0.558108 0.0130719 0.0405405
17 0.388072 0.571622 0.0179739 0.0513514
2 0.36683 0.493243 0.0114379 0.148649
2 0.229575 0.487838 0.0441176 0.316216
2 0.114788 0.482432 0.0857843 0.462162
17 0.356618 0.591892 0.0269608 0.0702703
2 0.264297 0.489189 0.0334967 0.27027
2 0.312908 0.490541 0.0212418 0.213514
18 0.660131 0.447297 0.00816993 0.0621622
18 0.423203 0.460811 0.00490196 0.0459459
17 0.374592 0.581081 0.0220588 0.0594595
2 0.375817 0.493243 0.00980392 0.137838
17 0.398693 0.563514 0.0147059 0.0459459
2 0.291258 0.490541 0.0269608 0.240541
18 0.594363 0.363514 0.0171569 0.17027
2 0.383578 0.494595 0.00898693 0.12973
5 0.406863 0.358108 0.0702614 0.467568
2 0.330065 0.491892 0.0179739 0.194595
2 0.357026 0.491892 0.0130719 0.162162
2 0.0392157 0.478378 0.0784314 0.605405
5 0.175245 0.577027 0.00571895 0.375676
11 0.499592 0.57027 0.0612745 0.172973
