20 0.683824 0.602703 0.0179739 0.0108108
19 0.882353 0.559459 0.196078 0.27027
20 0.70915 0.591892 0.0359477 0.0162162
20 0.229167 0.748649 0.0612745 0.0486486
6 0.537582 0.690541 0.0620915 0.1
2 0.45098 0.590541 0.0130719 0.0837838
2 0.464052 0.583784 0.0114379 0.0810811
19 0.678105 0.563514 0.0310458 0.0567568
7 0.732026 0.618919 0.0310458 0.0108108
6 0.587418 0.587838 0.0179739 0.0243243
6 0.596405 0.568919 0.0130719 0.0135135
2 0.310458 0.664865 0.0408497 0.162162
6 0.572304 0.618919 0.0285948 0.0432432
19 0.828431 0.587838 0.0490196 0.0837838
7 0.45384 0.595946 0.0253268 0.00810811
19 0.957516 0.65 0.0849673 0.143243
6 0.602124 0.556757 0.00980392 0.0108108
2 0.435866 0.598649 0.0155229 0.0945946
2 0.346814 0.645946 0.0318627 0.140541
8 0.672794 0.562162 0.0547386 0.0216216
8 0.683007 0.574324 0.0686275 0.0297297
7 0.613971 0.704054 0.195261 0.127027
7 0.623366 0.57027 0.0604575 0.0162162
7 0.57884 0.556757 0.0514706 0.0108108
7 0.522467 0.617568 0.120098 0.0459459
7 0.61969 0.624324 0.111928 0.0486486
7 0.56781 0.567568 0.0637255 0.0162162
7 0.622141 0.589189 0.0792484 0.027027
7 0.551471 0.586486 0.0833333 0.027027
7 0.624592 0.558108 0.0498366 0.0135135
7 0.458333 0.686486 0.210784 0.108108
8 0.441993 0.613514 0.137255 0.0594595
1 0.362337 0.481081 0.216503 0.264865
1 0.362337 0.481081 0.216503 0.264865
8 0.340686 0.677027 0.245098 0.121622
8 0.810049 0.732432 0.272059 0.183784
20 0.471405 0.554054 0.0114379 0.0432432
1 0.362337 0.244595 0.216503 0.316216
1 0.362337 0.244595 0.216503 0.316216
1 0.362745 0.116216 0.215686 0.232432
8 0.699346 0.595946 0.0915033 0.0459459
8 0.729575 0.635135 0.137255 0.0756757
1 0.466503 0.243243 0.112745 0.151351
1 0.466912 0.0608108 0.113562 0.121622
1 0.462827 0.425676 0.10866 0.283784
1 0.362745 0.116216 0.215686 0.232432
1 0.466912 0.133784 0.113562 0.17027
5 0.639297 0.314865 0.0988562 0.62973
19 0.39951 0.575676 0.0163399 0.0810811
1 0.466912 0.0608108 0.113562 0.121622
5 0.560866 0.4 0.0498366 0.32973
1 0.462827 0.425676 0.10866 0.283784
1 0.466503 0.243243 0.112745 0.151351
1 0.466912 0.133784 0.113562 0.17027
1 0.895016 0.341892 0.209967 0.17027
11 0.623775 0.541892 0.0302288 0.0621622
1 0.899101 0.493243 0.201797 0.197297
1 0.895016 0.155405 0.209967 0.310811
