10 0.281863 0.555405 0.104575 0.5
19 0.651961 0.559459 0.0228758 0.027027
19 0.685458 0.562162 0.0261438 0.027027
19 0.602533 0.585135 0.0236928 0.0405405
10 0.152778 0.660811 0.179739 0.678378
10 0.158497 0.756757 0.173203 0.486486
10 0.264706 0.491892 0.168301 0.664865
2 0.586601 0.585135 0.0261438 0.07837842 0.738154 0.595946 0.0383987 0.0837838
10 0.645425 0.517568 0.0343137 0.110811
2 0.551879 0.571622 0.00408497 0.0675676
8 0.39134 0.571622 0.0751634 0.0243243
2 0.629902 0.590541 0.0343137 0.0837838
19 0.708333 0.601351 0.0359477 0.0459459
7 0.627859 0.847297 0.744281 0.305405
2 0.562092 0.57973 0.0147059 0.072973
1 0.613562 0.497297 0.0588235 0.151351
19 0.685866 0.585135 0.0351307 0.0405405
2 0.786356 0.595946 0.0383987 0.0837838
12 0.852124 0.540541 0.295752 0.0810811
2 0.392157 0.495946 0.00816993 0.121622
2 0.23366 0.489189 0.0424837 0.313514
17 0.343137 0.605405 0.0326797 0.0810811
17 0.269199 0.656757 0.0661765 0.12973
2 0.368873 0.493243 0.0106209 0.148649
2 0.267974 0.489189 0.0326797 0.27027
2 0.294118 0.491892 0.0261438 0.237838
2 0.377451 0.494595 0.00980392 0.140541
19 0.64665 0.582432 0.0465686 0.0675676
2 0.1875 0.486486 0.0580065 0.372973
2 0.346814 0.493243 0.0155229 0.175676
12 0.548203 0.525676 0.0326797 0.0513514
2 0.332516 0.493243 0.0179739 0.191892
17 0.313317 0.625676 0.0449346 0.1
2 0.35866 0.493243 0.0130719 0.159459
17 0.196895 0.709459 0.109477 0.186486
12 0.634395 0.537838 0.14134 0.0756757
2 0.385212 0.494595 0.00898693 0.12973
17 0.0821078 0.816216 0.164216 0.318919
2 0.315359 0.491892 0.0212418 0.210811
2 0.121324 0.483784 0.0841503 0.459459
1 0.72835 0.133784 0.330882 0.267568
5 0.507353 0.414865 0.0408497 0.278378
1 0.72835 0.212162 0.330882 0.289189
1 0.72835 0.339189 0.330882 0.213514
1 0.730392 0.489189 0.321895 0.205405
5 0.778595 0.491892 0.00490196 0.291892
4 0.574346 0.525676 0.00653595 0.0837838
18 0.373775 0.436486 0.00898693 0.0783784
5 0.372549 0.493243 0.00326797 0.208108
9 0.430964 0.487838 0.00735294 0.0243243
5 0.603758 0.316216 0.0539216 0.632432
5 0.417484 0.371622 0.0637255 0.424324
18 0.785948 0.410811 0.0163399 0.113514
11 0.499592 0.587838 0.0416667 0.132432
11 0.499183 0.632432 0.114379 0.318919
