1 0.651144 0.112162 0.101307 0.224324
19 0.640931 0.548649 0.0171569 0.0216216
19 0.587827 0.548649 0.0171569 0.0216216
20 0.153595 0.535135 0.0163399 0.0594595
7 0.577614 0.589189 0.0212418 0.00540541
10 0.582516 0.516216 0.0212418 0.0756757
20 0.220588 0.540541 0.0163399 0.0594595
20 0.225082 0.541892 0.0171569 0.0621622
20 0.151961 0.533784 0.0163399 0.0567568
7 0.35049 0.589189 0.0245098 0.00540541
7 0.383578 0.635135 0.156046 0.0702703

7 0.267974 0.760811 0.334967 0.181081
20 0.27982 0.531081 0.0122549 0.0513514
2 0.286765 0.571622 0.0130719 0.0675676
20 0.257353 0.532432 0.0130719 0.0486486
7 0.499183 0.760811 0.264706 0.181081
20 0.26348 0.533784 0.0138889 0.0513514
2 0.341095 0.551351 0.00735294 0.0486486
2 0.363971 0.544595 0.00571895 0.0405405
2 0.261438 0.57973 0.0163399 0.072973
20 0.195261 0.543243 0.0179739 0.0648649
8 0.298203 0.633784 0.236928 0.132432
20 0.270833 0.510811 0.0433007 0.102703
8 0.727124 0.771622 0.330065 0.224324
2 0.373366 0.541892 0.00490196 0.0405405
6 0.397059 0.759459 0.0898693 0.183784
5 0.517157 0.340541 0.0784314 0.52973
2 0.639706 0.536486 0.0163399 0.0297297
19 0.348039 0.545946 0.00980392 0.0594595
2 0.607843 0.536486 0.0163399 0.0297297
2 0.33415 0.536486 0.0163399 0.0297297
5 0.333333 0.336486 0.132353 0.672973
5 0.449755 0.418919 0.0400327 0.264865
18 0.629493 0.459459 0.00571895 0.0486486
2 0.59232 0.536486 0.0163399 0.0297297
5 0.625817 0.494595 0.00163399 0.12973
2 0.35049 0.536486 0.0163399 0.0297297
5 0.550245 0.493243 0.00245098 0.224324
5 0.631944 0.377027 0.0220588 0.408108
2 0.624183 0.536486 0.0163399 0.0297297
18 0.550654 0.42973 0.00653595 0.0864865
2 0.576797 0.536486 0.0163399 0.0297297
19 0.582516 0.560811 0.0310458 0.0513514
2 0.382353 0.536486 0.0163399 0.0297297
19 0.388072 0.505405 0.0310458 0.108108
2 0.366422 0.536486 0.0171569 0.0297297
2 0.656046 0.536486 0.0163399 0.0297297
11 0.499592 0.662162 0.11683 0.248649
11 0.499183 0.597297 0.171569 0.205405
5 0.432598 0.495946 0.000816993 0.110811
