0 0.476307 0.556757 0.101307 0.00540541
6 0.448529 0.633784 0.0294118 0.0513514
6 0.198529 0.902703 0.397059 0.194595
6 0.409314 0.732432 0.0735294 0.145946
6 0.463644 0.594595 0.0171569 0.027027
7 0.390114 0.633784 0.138072 0.0513514
7 0.297386 0.732432 0.284314 0.145946
7 0.499183 0.633784 0.119281 0.0513514
7 0.499592 0.732432 0.229575 0.145946
6 0.476716 0.559459 0.00898693 0.0108108
7 0.499183 0.559459 0.0490196 0.0108108
6 0.471814 0.572973 0.0122549 0.0162162
7 0.42402 0.594595 0.0898693 0.027027
7 0.441585 0.572973 0.0661765 0.0162162
7 0.499592 0.594595 0.0808824 0.027027
7 0.499183 0.572973 0.0604575 0.0162162
7 0.452614 0.559459 0.0522876 0.0108108
8 0.292075 0.636486 0.175654 0.072973
8 0.573938 0.595946 0.0890523 0.0405405
10 0.168709 0.697297 0.0743464 0.0486486
8 0.698121 0.740541 0.280229 0.183784
8 0.387663 0.575676 0.0776144 0.027027
10 0.0502451 0.764865 0.10049 0.0756757
10 0.066585 0.782432 0.111928 0.105405
10 0.102941 0.706757 0.0866013 0.072973
8 0.545343 0.560811 0.0514706 0.0189189
8 0.354575 0.595946 0.109477 0.0405405
10 0.10335 0.710811 0.0465686 0.0702703
8 0.555964 0.575676 0.0661765 0.027027
10 0.0739379 0.718919 0.0939542 0.0756757
8 0.408497 0.560811 0.0604575 0.0189189
10 0.161356 0.7 0.0759804 0.0702703
10 0.0437092 0.772973 0.0416667 0.0972973
10 0.0939542 0.747297 0.104575 0.0891892
10 0.00245098 0.789189 0.00490196 0.102703
10 0.0482026 0.752703 0.0964052 0.0837838
10 0.0273693 0.751351 0.0547386 0.0756757
10 0.187908 0.681081 0.0441176 0.0594595
8 0.160948 0.740541 0.321895 0.183784
10 0.154003 0.675676 0.0482026 0.0486486
10 0.169935 0.660811 0.0539216 0.0405405
10 0.164624 0.658108 0.0204248 0.0405405
10 0.204248 0.641892 0.0473856 0.0297297
10 0.234886 0.637838 0.0449346 0.0324324
10 0.153595 0.664865 0.0196078 0.0432432
10 0.0175654 0.777027 0.0351307 0.072973
10 0.0294118 0.774324 0.0588235 0.1
10 0.0396242 0.697297 0.0433007 0.0540541
10 0.0792484 0.708108 0.0784314 0.0486486
10 0.0637255 0.701351 0.0637255 0.0567568
10 0.0706699 0.701351 0.0776144 0.0513514
10 0.211193 0.645946 0.0498366 0.0324324
10 0.0212418 0.709459 0.0424837 0.0621622
10 0.192402 0.637838 0.0465686 0.0324324
10 0.107435 0.67027 0.0449346 0.0432432
10 0.245098 0.627027 0.0408497 0.0324324
10 0.225899 0.627027 0.0138889 0.0324324
10 0.235703 0.627027 0.0138889 0.0324324
10 0.387255 0.562162 0.0130719 0.0162162
10 0.378268 0.566216 0.00980392 0.0189189
10 0.379902 0.57973 0.0261438 0.0189189
10 0.323938 0.598649 0.0334967 0.0243243
10 0.333742 0.589189 0.0204248 0.0216216
10 0.400735 0.564865 0.0171569 0.0162162
10 0.372141 0.567568 0.0220588 0.0162162
10 0.366013 0.57027 0.0245098 0.0162162
10 0.370098 0.583784 0.0114379 0.0216216
10 0.38317 0.571622 0.0245098 0.0189189
10 0.371732 0.578378 0.0261438 0.0162162
10 0.378268 0.563514 0.0212418 0.0135135
10 0.359069 0.587838 0.0285948 0.0189189
10 0.357843 0.578378 0.0261438 0.0162162
10 0.381944 0.567568 0.0236928 0.0162162
10 0.347631 0.591892 0.0138889 0.0216216
10 0.305964 0.602703 0.0236928 0.027027
10 0.346405 0.582432 0.0277778 0.0189189
10 0.345997 0.595946 0.0302288 0.0243243
10 0.363971 0.57973 0.0171569 0.0189189
10 0.379902 0.562162 0.0163399 0.0162162
10 0.350082 0.577027 0.0269608 0.0189189
10 0.345997 0.589189 0.0187908 0.0216216
10 0.343954 0.578378 0.0228758 0.0162162
10 0.375817 0.572973 0.0196078 0.0162162
10 0.355801 0.574324 0.0171569 0.0189189
10 0.391748 0.566216 0.0204248 0.0135135
10 0.34518 0.577027 0.0204248 0.0189189
10 0.383987 0.57027 0.0147059 0.0162162
10 0.362337 0.575676 0.0253268 0.0162162
10 0.379493 0.566216 0.0220588 0.0189189
10 0.372549 0.574324 0.0245098 0.0189189
10 0.36152 0.57027 0.0138889 0.0162162
10 0.381127 0.564865 0.0122549 0.0162162
10 0.368056 0.564865 0.00735294 0.0162162
10 0.335784 0.585135 0.0277778 0.0189189
10 0.32884 0.57973 0.0253268 0.0189189
10 0.202206 0.633784 0.0449346 0.0297297
10 0.289216 0.595946 0.0212418 0.0243243
10 0.210376 0.627027 0.0433007 0.027027
10 0.304739 0.6 0.0163399 0.0216216
10 0.267565 0.614865 0.0171569 0.0297297
10 0.321895 0.593243 0.0310458 0.0189189
10 0.277778 0.604054 0.0310458 0.0243243
10 0.239788 0.613514 0.0383987 0.027027
10 0.264297 0.614865 0.0367647 0.0243243
10 0.252451 0.617568 0.0310458 0.0297297
10 0.32884 0.582432 0.0236928 0.0189189
10 0.276961 0.597297 0.0277778 0.0216216
10 0.33415 0.590541 0.0130719 0.0243243
10 0.340278 0.585135 0.0285948 0.0189189
10 0.26348 0.6 0.0334967 0.0216216
10 0.313317 0.594595 0.0285948 0.0216216
10 0.213235 0.62027 0.0408497 0.0297297
10 0.181781 0.628378 0.0449346 0.0297297
10 0.303513 0.587838 0.0138889 0.0243243
10 0.271242 0.601351 0.0326797 0.0243243
10 0.216095 0.614865 0.0367647 0.0243243
10 0.267157 0.612162 0.0359477 0.0243243
10 0.209559 0.631081 0.0220588 0.0351351
10 0.226307 0.610811 0.0294118 0.027027
10 0.236928 0.62027 0.0392157 0.0243243
10 0.192402 0.632432 0.0334967 0.0324324
10 0.214869 0.625676 0.0343137 0.0297297
10 0.25531 0.610811 0.0236928 0.027027
10 0.183824 0.637838 0.0457516 0.027027
10 0.233252 0.622973 0.0334967 0.0297297
10 0.208742 0.62027 0.0383987 0.0297297
10 0.269608 0.598649 0.0261438 0.0243243
10 0.310866 0.583784 0.0253268 0.0162162
10 0.31781 0.581081 0.0245098 0.0162162
10 0.322712 0.585135 0.0147059 0.0189189
10 0.301879 0.594595 0.0204248 0.0216216
10 0.292075 0.595946 0.0236928 0.0189189
10 0.309641 0.586486 0.00980392 0.0216216
10 0.281454 0.591892 0.0285948 0.0216216
10 0.277369 0.604054 0.0318627 0.0243243
10 0.308824 0.582432 0.0163399 0.0189189
10 0.280637 0.6 0.0220588 0.0216216
10 0.294526 0.595946 0.0302288 0.0189189
10 0.302696 0.594595 0.0138889 0.0216216
10 0.316176 0.578378 0.0245098 0.0162162
10 0.354167 0.568919 0.0204248 0.0135135
10 0.395016 0.560811 0.0171569 0.0135135
10 0.400327 0.563514 0.0114379 0.0135135
10 0.322304 0.578378 0.0204248 0.0162162
10 0.402778 0.562162 0.0196078 0.0162162
10 0.354575 0.572973 0.0130719 0.0162162
10 0.321895 0.57973 0.0212418 0.0189189
10 0.358252 0.57027 0.0204248 0.0162162
10 0.330065 0.575676 0.0228758 0.0162162
10 0.363154 0.568919 0.0204248 0.0135135
10 0.340686 0.572973 0.0196078 0.0162162
10 0.344363 0.578378 0.0236928 0.0162162
10 0.354984 0.572973 0.0122549 0.0162162
10 0.368873 0.568919 0.0187908 0.0135135
10 0.406454 0.551351 0.0171569 0.0108108
10 0.410539 0.55 0.0138889 0.0135135
10 0.398693 0.554054 0.0179739 0.0108108
10 0.418301 0.548649 0.0130719 0.0108108
10 0.393791 0.558108 0.0147059 0.0135135
10 0.402778 0.559459 0.0196078 0.0108108
10 0.401552 0.559459 0.0187908 0.0108108
10 0.409722 0.558108 0.00735294 0.0135135
10 0.396242 0.554054 0.0179739 0.0108108
10 0.406863 0.555405 0.0130719 0.0135135
10 0.397059 0.556757 0.0179739 0.0108108
10 0.395016 0.554054 0.0106209 0.0108108
10 0.406454 0.551351 0.0106209 0.0108108
10 0.387663 0.551351 0.0138889 0.0108108
10 0.41299 0.545946 0.0106209 0.0108108
10 0.415033 0.548649 0.0163399 0.0108108
10 0.415033 0.548649 0.0114379 0.0108108
10 0.424837 0.545946 0.0130719 0.0108108
10 0.400327 0.547297 0.0147059 0.0135135
10 0.416667 0.545946 0.0147059 0.0108108
10 0.415033 0.545946 0.0114379 0.0108108
10 0.412173 0.55 0.0155229 0.00810811
10 0.424428 0.545946 0.0138889 0.0108108
10 0.426062 0.545946 0.0155229 0.0108108
10 0.40482 0.545946 0.0155229 0.0108108
10 0.415441 0.544595 0.0138889 0.00810811
10 0.408905 0.548649 0.0155229 0.0108108
10 0.406046 0.548649 0.0114379 0.0108108
10 0.359477 0.568919 0.0130719 0.0135135
10 0.347631 0.566216 0.0122549 0.0135135
10 0.365605 0.558108 0.0155229 0.0135135
10 0.372549 0.558108 0.0114379 0.0135135
10 0.350082 0.571622 0.0171569 0.0135135
10 0.390931 0.556757 0.0171569 0.0108108
10 0.375408 0.560811 0.0155229 0.0135135
10 0.377451 0.556757 0.0179739 0.0108108
10 0.383578 0.558108 0.0155229 0.0135135
10 0.389706 0.554054 0.0163399 0.0108108
10 0.366013 0.560811 0.0196078 0.0135135
10 0.348039 0.568919 0.0212418 0.0135135
10 0.394608 0.554054 0.00980392 0.0108108
10 0.394608 0.554054 0.0114379 0.0108108
10 0.379085 0.558108 0.00816993 0.0135135
10 0.341503 0.57027 0.00980392 0.0162162
10 0.339869 0.575676 0.0228758 0.0162162
10 0.356209 0.563514 0.0196078 0.0135135
10 0.363154 0.560811 0.0138889 0.0135135
10 0.378268 0.558108 0.00816993 0.0135135
10 0.395833 0.551351 0.0155229 0.0108108
10 0.358252 0.563514 0.0171569 0.0135135
10 0.328431 0.575676 0.0196078 0.0162162
10 0.396242 0.551351 0.0147059 0.0108108
10 0.38848 0.556757 0.0171569 0.0108108
10 0.337827 0.575676 0.0220588 0.0162162
10 0.332925 0.572973 0.00735294 0.0162162
10 0.348039 0.568919 0.0212418 0.0135135
10 0.348039 0.57027 0.0196078 0.0162162
10 0.550654 0.552703 0.0147059 0.0135135
10 0.530229 0.548649 0.0147059 0.0108108
10 0.544118 0.551351 0.0163399 0.0108108
10 0.529412 0.551351 0.0147059 0.0108108
10 0.537582 0.548649 0.0130719 0.0108108
10 0.535948 0.548649 0.0147059 0.0108108
10 0.528595 0.551351 0.0147059 0.0108108
10 0.548203 0.548649 0.0147059 0.0108108
10 0.526961 0.548649 0.0130719 0.0108108
10 0.534722 0.551351 0.0155229 0.0108108
10 0.548611 0.552703 0.0122549 0.0135135
10 0.564951 0.548649 0.0138889 0.0108108
10 0.551879 0.551351 0.0155229 0.0108108
10 0.564951 0.55 0.0155229 0.00810811
10 0.556373 0.552703 0.0114379 0.0135135
10 0.541667 0.558108 0.0179739 0.0135135
10 0.568219 0.558108 0.0187908 0.0135135
10 0.560049 0.560811 0.0187908 0.0135135
10 0.55719 0.559459 0.0179739 0.0108108
10 0.563317 0.554054 0.0106209 0.0108108
10 0.547794 0.551351 0.0155229 0.0108108
10 0.573938 0.558108 0.0171569 0.0135135
10 0.564951 0.552703 0.0155229 0.00810811
10 0.5625 0.560811 0.00898693 0.0135135
10 0.560866 0.556757 0.0171569 0.0108108
10 0.55719 0.555405 0.0163399 0.0135135
10 0.544935 0.556757 0.0179739 0.0108108
10 0.548611 0.554054 0.0171569 0.0108108
10 0.561275 0.552703 0.0147059 0.0135135
10 0.53268 0.558108 0.0147059 0.0135135
10 0.560458 0.551351 0.0163399 0.0108108
10 0.571895 0.563514 0.0147059 0.0135135
10 0.564134 0.564865 0.0171569 0.0162162
10 0.55719 0.558108 0.0163399 0.0135135

10 0.55433 0.563514 0.0204248 0.0135135

10 0.571895 0.57973 0.0245098 0.0189189

10 0.598856 0.589189 0.0179739 0.0216216
10 0.597631 0.582432 0.0220588 0.0189189
10 0.581699 0.567568 0.0179739 0.0162162
10 0.539216 0.572973 0.0179739 0.0162162
10 0.575163 0.57027 0.0212418 0.0162162
10 0.591503 0.578378 0.0245098 0.0162162
10 0.604575 0.575676 0.0245098 0.0162162
10 0.617239 0.598649 0.0318627 0.0243243
10 0.565359 0.57027 0.0196078 0.0162162
10 0.587418 0.572973 0.00980392 0.0162162
10 0.581291 0.57027 0.0220588 0.0162162
10 0.57598 0.574324 0.0228758 0.0135135
10 0.588235 0.57973 0.0163399 0.0189189
10 0.587827 0.585135 0.0269608 0.0189189
10 0.562908 0.578378 0.0245098 0.0162162
10 0.584559 0.571622 0.0220588 0.0135135
10 0.597631 0.591892 0.0269608 0.0216216
10 0.544935 0.574324 0.0179739 0.0189189
10 0.605801 0.587838 0.0220588 0.0189189
10 0.556373 0.578378 0.0228758 0.0162162
10 0.590278 0.572973 0.0204248 0.0162162
10 0.573529 0.614865 0.0179739 0.0297297
10 0.61152 0.598649 0.0236928 0.0243243
10 0.629902 0.608108 0.0196078 0.027027
10 0.611111 0.593243 0.0196078 0.0243243
10 0.595588 0.608108 0.0163399 0.027027
10 0.664624 0.622973 0.0334967 0.0297297
10 0.57598 0.591892 0.0294118 0.0216216
10 0.584559 0.610811 0.0318627 0.027027
10 0.635621 0.601351 0.0326797 0.0243243
10 0.593137 0.605405 0.0179739 0.027027
10 0.601716 0.628378 0.0285948 0.0351351
10 0.569444 0.604054 0.0326797 0.0243243
10 0.593546 0.621622 0.0383987 0.0324324
10 0.593137 0.625676 0.0392157 0.0297297
10 0.644199 0.628378 0.0400327 0.0297297
10 0.611928 0.62973 0.0408497 0.0324324

10 0.595588 0.636486 0.0392157 0.0351351
10 0.685049 0.633784 0.0220588 0.0351351
10 0.780637 0.764865 0.0906863 0.0702703
10 0.740196 0.690541 0.0571895 0.0513514
10 0.787173 0.712162 0.0547386 0.0621622
10 0.72018 0.743243 0.0825163 0.0810811

10 0.779003 0.767568 0.0955882 0.0918919
10 0.685866 0.643243 0.0482026 0.0378378
10 0.614788 0.694595 0.0449346 0.0594595
10 0.618464 0.685135 0.0571895 0.0459459
10 0.758987 0.901351 0.0604575 0.175676
10 0.883987 0.928378 0.120915 0.143243
10 0.914624 0.822973 0.129902 0.127027

10 0.762663 0.766216 0.0923203 0.0945946
10 0.729575 0.735135 0.0784314 0.0702703
10 0.780637 0.912162 0.146242 0.175676
11 0.499183 0.55 0.0915033 0.116216
10 0.165033 0.15 0.150327 0.3
10 0.990196 0.941892 0.0196078 0.116216

5 0.522059 0.325676 0.0866013 0.586486
