10 0.0555556 0.666216 0.111111 0.667568
7 0.303513 0.589189 0.0841503 0.027027
22 0.859069 0.62027 0.0318627 0.1
3784
7 0.370507 0.809459 0.687092 0.316216
1 0.747958 0.22973 0.397876 0.367568
7 0.313725 0.556757 0.0522876 0.0108108
1 0.465278 0.343243 0.17402 0.167568
8 0.370507 0.57027 0.0612745 0.0270277 0.151552 0.648649 0.221405 0.0918919
2 0.175245 0.489189 0.0122549 0.145946
1 0.465278 0.110811 0.17402 0.221622
1 0.468954 0.485135 0.165033 0.186486
2 0.135621 0.487838 0.0196078 0.186486
5 0.249592 0.395946 0.0547386 0.327027
2 0.00980392 0.478378 0.0196078 0.335135
2 0.117647 0.486486 0.0228758 0.205405
2 0.0351307 0.482432 0.0424837 0.289189
2 0.0955882 0.483784 0.0277778 0.227027
2 0.151144 0.487838 0.0163399 0.17027
5 0.321487 0.337838 0.0825163 0.52973
2 0.0690359 0.483784 0.0334967 0.254054
9 0.345997 0.481081 0.0106209 0.0324324
9 0.202206 0.477027 0.0122549 0.0351351
11 0.296977 0.559459 0.0580065 0.151351
5 0.671977 0.494595 0.00735294 0.383784
5 0.345997 0.52027 0.000816993 0.110811
18 0.106209 0.404054 0.0163399 0.110811
19 0.960784 0.586486 0.0212418 0.0810811
19 0.653186 0.558108 0.0433007 0.208108
5 0.201797 0.518919 0.00163399 0.118919
5 0.102941 0.485135 0.00490196 0.294595
18 0.680147 0.387838 0.0204248 0.148649
11 0.232026 0.545946 0.0571895 0.102703
