6 0.196078 0.912162 0.392157 0.175676

6 0.448529 0.633784 0.0310458 0.0567568
10 0.232026 0.652703 0.109477 0.218919
7 0.502042 0.743243 0.247549 0.162162
10 0.275327 0.624324 0.0866013 0.167568
10 0.109477 0.717568 0.163399 0.310811
10 0.588644 0.466216 0.0710784 0.197297
10 0.19281 0.667568 0.117647 0.216216
10 0.218137 0.432432 0.184641 0.535135
10 0.128268 0.704054 0.148693 0.283784
8 0.352533 0.594595 0.111928 0.0432432
8 0.576797 0.594595 0.0915033 0.0432432
7 0.387663 0.633784 0.142974 0.0567568
7 0.285948 0.743243 0.30719 0.162162
10 0.249592 0.421622 0.172386 0.448649
6 0.464052 0.591892 0.0179739 0.027027
7 0.423611 0.591892 0.0923203 0.027027
8 0.612337 0.637838 0.142974 0.0756757
10 0.251225 0.636486 0.0776144 0.197297
7 0.501225 0.633784 0.123366 0.0567568
10 0.588235 0.554054 0.0637255 0.0864865
7 0.500408 0.591892 0.0825163 0.027027
8 0.714461 0.752703 0.306373 0.202703
9 0.376225 0.475676 0.0138889 0.0432432
9 0.533497 0.481081 0.00980392 0.0324324
5 0.376225 0.52973 0.00245098 0.151351
5 0.587418 0.555405 0.00326797 0.278378
5 0.525327 0.317568 0.0898693 0.602703
9 0.587827 0.456757 0.0253268 0.0810811
10 0.347631 0.418919 0.139706 0.351351
11 0.504493 0.531081 0.0285948 0.0513514
10 0.16299 0.412162 0.172386 0.402703
5 0.439134 0.406757 0.0449346 0.3
11 0.499592 0.548649 0.0955882 0.124324
