7 0.585784 0.582432 0.0931373 0.0135135
6 0.385621 0.797297 0.107843 0.227027
8 0.148284 0.809459 0.296569 0.278378
10 0.651961 0.6 0.114379 0.156757
8 0.765931 0.810811 0.394608 0.281081
2 0.587827 0.494595 0.420752 0.156757
8 0.59232 0.571622 0.334967 0.0243243
8 0.314134 0.632432 0.308007 0.135135
7 0.484477 0.57973 0.120915 0.0189189
7 0.234886 0.798649 0.394608 0.22973
6 0.711193 0.628378 0.577614 0.105405
17 0.480392 0.566216 0.212418 0.0621622
7 0.377451 0.645946 0.166667 0.0756757
7 0.503676 0.798649 0.311275 0.22973
7 0.508987 0.598649 0.0964052 0.0189189
8 0.63031 0.643243 0.191993 0.113514
7 0.502042 0.645946 0.138072 0.0756757
5 0.566585 0.544595 0.00245098 0.213514
9 0.566993 0.468919 0.0196078 0.0621622
10 0.181373 0.371622 0.302288 0.743243

5 0.392974 0.340541 0.0800654 0.52973
11 0.501225 0.554054 0.0988562 0.12973
2 0.752859 0.495946 0.0334967 0.127027
10 0.65482 0.444595 0.134804 0.348649
5 0.593137 0.395946 0.0147059 0.348649
