10 0.21201 0.537838 0.156046 0.718919
19 0.937908 0.67027 0.0882353 0.0918919
10 0.252042 0.485135 0.146242 0.694595
7 0.405637 0.614865 0.118464 0.0405405
6 0.429739 0.683784 0.0522876 0.0972973
2 0.841912 0.856757 0.125 0.286486
243
19 0.578431 0.562162 0.0114379 0.027027
6 0.456699 0.614865 0.0245098 0.0405405
1 0.808007 0.489189 0.168301 0.454054
19 0.387663 0.55 0.0106209 0.0243243
19 0.58415 0.566216 0.0130719 0.0297297
7 0.34232 0.685135 0.215686 0.1
7 0.502451 0.685135 0.178105 0.1
19 0.378268 0.505405 0.0408497 0.140541
19 0.597631 0.508108 0.0498366 0.183784
8 0.369281 0.585135 0.0964052 0.0351351
8 0.20384 0.691892 0.286765 0.12973
8 0.660131 0.691892 0.214052 0.12973
2 0.343954 0.490541 0.0163399 0.181081
2 0.367239 0.491892 0.0122549 0.151351
12 0.585376 0.547297 0.0808824 0.1
2 0.356618 0.490541 0.0138889 0.164865
2 0.376225 0.491892 0.0106209 0.140541
8 0.397467 0.566216 0.0710784 0.0243243
8 0.319036 0.616216 0.147876 0.0594595
12 0.8125 0.628378 0.375 0.262162
2 0.384395 0.493243 0.00898693 0.132432
5 0.42402 0.514865 0.00163399 0.0837838
19 0.370507 0.55 0.0106209 0.0567568
2 0.0947712 0.481081 0.0964052 0.497297
2 0.258987 0.487838 0.0359477 0.283784
5 0.367239 0.531081 0.00245098 0.159459
5 0.517157 0.328378 0.0833333 0.559459
9 0.42402 0.485135 0.00816993 0.0243243
5 0.4375 0.402703 0.0465686 0.313514
2 0.32884 0.490541 0.0187908 0.197297
2 0.169935 0.483784 0.0653595 0.394595
2 0.221405 0.486486 0.0473856 0.32973
9 0.367647 0.474324 0.0147059 0.0459459
2 0.28799 0.489189 0.0285948 0.248649
2 0.310458 0.489189 0.0228758 0.221622
5 0.147876 0.433784 0.289216 0.867568
2 0.0269608 0.475676 0.0539216 0.659459
11 0.500817 0.568919 0.0343137 0.105405
11 0.500817 0.593243 0.0833333 0.22973
