10 0.326797 0.490541 0.0931373 0.472973
19 0.707925 0.581081 0.0334967 0.0378378
10 0.299428 0.525676 0.0939542 0.483784
2 0.756944 0.681081 0.0792484 0.172973
10 0.754085 0.531081 0.0702614 0.197297
2 0.878268 0.694595 0.0866013 0.178378
1 0.653186 0.494595 0.0808824 0.210811
19 0.803922 0.637838 0.0637255 0.0702703
2 0.979984 0.701351 0.0400327 0.175676
19 0.55433 0.544595 0.00735294 0.0189189
19 0.667484 0.640541 0.0343137 0.0702703
7 0.578431 0.591892 0.0228758 0.00540541
19 0.55719 0.545946 0.00816993 0.0216216
19 0.886438 0.689189 0.0620915 0.0972973
2 0.339869 0.491892 0.0163399 0.183784
2 0.363971 0.493243 0.0122549 0.154054
19 0.562908 0.505405 0.0294118 0.118919
12 0.684641 0.551351 0.20915 0.108108
7 0.441585 0.57027 0.0678105 0.0162162
2 0.608252 0.636486 0.0302288 0.132432
2 0.35335 0.491892 0.0138889 0.167568
2 0.573938 0.601351 0.00735294 0.0945946
2 0.660948 0.659459 0.0555556 0.151351
2 0.381944 0.493243 0.00898693 0.132432
12 0.894199 0.559459 0.211601 0.118919
19 0.756944 0.644595 0.0939542 0.127027
2 0.373775 0.493243 0.0106209 0.143243
8 0.408088 0.559459 0.0612745 0.0216216
12 0.557598 0.531081 0.0449346 0.0675676
2 0.388889 0.493243 0.00816993 0.127027
7 0.452614 0.556757 0.0539216 0.0108108
2 0.305964 0.490541 0.0236928 0.224324
8 0.386846 0.572973 0.0792484 0.027027
2 0.28268 0.489189 0.0294118 0.254054
2 0.584559 0.617568 0.00898693 0.110811
2 0.253268 0.487838 0.0375817 0.289189
5 0.413399 0.518919 0.00163399 0.102703
2 0.0800654 0.481081 0.102941 0.513514
4 0.732435 0.559459 0.0171569 0.194595
17 0.194853 0.706757 0.110294 0.186486
11 0.499592 0.578378 0.0383987 0.118919
2 0.214052 0.486486 0.0490196 0.340541
9 0.413807 0.482432 0.00898693 0.0297297
11 0.499183 0.608108 0.0947712 0.264865
5 0.691176 0.382432 0.0800654 0.764865
5 0.379085 0.310811 0.0947712 0.621622
1 0.790033 0.260811 0.419935 0.337838
18 0.300245 0.398649 0.0155229 0.127027
5 0.508987 0.391892 0.0522876 0.351351
1 0.794118 0.482432 0.411765 0.310811
2 0.160131 0.485135 0.0686275 0.408108
1 0.790033 0.160811 0.419935 0.321622
5 0.296569 0.489189 0.00490196 0.32973
19 0.40768 0.535135 0.00653595 0.0378378
