10 0.542075 0.418919 0.0253268 0.259459
2 0.578023 0.627027 0.00898693 0.118919
7 0.574755 0.612162 0.0269608 0.00810811
2 0.633578 0.72027 0.0236928 0.218919
10 0.169935 0.725676 0.151961 0.548649
2 0.591095 0.647297 0.0122549 0.143243
10 0.558007 0.393243 0.0343137 0.343243
2 0.685049 0.808108 0.0449346 0.318919
2 0.607435 0.675676 0.0155229 0.172973
6 0.469363 0.57973 0.0138889 0.0189189
6 0.45915 0.605405 0.0212418 0.0324324
2 0.566993 0.608108 0.00653595 0.102703
6 0.437908 0.659459 0.0408497 0.0756757

2 0.798203 0.860811 0.111111 0.278378
19 0.560866 0.574324 0.0367647 0.0621622
8 0.786765 0.843243 0.426471 0.313514
8 0.633578 0.664865 0.175654 0.102703
7 0.499592 0.57973 0.0678105 0.0189189
7 0.5 0.605405 0.0931373 0.0324324
7 0.500408 0.659459 0.14951 0.0756757

7 0.412582 0.605405 0.106209 0.0324324
19 0.545343 0.555405 0.0269608 0.0459459
7 0.435458 0.57973 0.0751634 0.0189189
1 0.628268 0.212162 0.129085 0.164865
7 0.364379 0.659459 0.178105 0.0756757
19 0.632761 0.666216 0.0302288 0.208108
6 0.362337 0.848649 0.14134 0.302703
8 0.585376 0.609459 0.105392 0.0513514
8 0.376225 0.581081 0.0890523 0.0324324
1 0.814542 0.210811 0.370915 0.335135
8 0.245098 0.664865 0.232026 0.102703
1 0.814542 0.210811 0.370915 0.335135
2 0.357843 0.493243 0.0130719 0.159459
1 0.686275 0.108108 0.23366 0.216216
1 0.628268 0.0905405 0.129085 0.181081
2 0.376634 0.493243 0.00980392 0.137838
2 0.384395 0.494595 0.00898693 0.12973
2 0.367647 0.493243 0.0114379 0.148649
1 0.628268 0.0905405 0.129085 0.181081
1 0.628268 0.212162 0.129085 0.164865
2 0.39134 0.494595 0.00816993 0.118919
2 0.345588 0.493243 0.0147059 0.175676
5 0.526144 0.494595 0.00163399 0.124324
11 0.499183 0.545946 0.0228758 0.0702703
2 0.232843 0.489189 0.0424837 0.313514
5 0.424837 0.385135 0.0571895 0.375676
2 0.314542 0.491892 0.0212418 0.210811
2 0.186683 0.486486 0.0580065 0.372973
19 0.710376 0.551351 0.0449346 0.243243
11 0.499592 0.571622 0.0629085 0.175676
2 0.267157 0.489189 0.0326797 0.27027
2 0.120507 0.483784 0.0841503 0.454054
9 0.417892 0.485135 0.00898693 0.0297297
2 0.293301 0.491892 0.0261438 0.237838
2 0.0428922 0.47973 0.0857843 0.591892
2 0.331699 0.493243 0.0179739 0.191892
18 0.526552 0.460811 0.00408497 0.0459459
5 0.554739 0.445946 0.292484 0.891892
