1 0.872549 0.398649 0.186275 0.3
6 0.464461 0.590541 0.0171569 0.0243243
6 0.472222 0.57027 0.0114379 0.0162162
1 0.63031 0.35 0.129902 0.435135
2 0.57067 0.613514 0.00735294 0.108108
19 0.74469 0.598649 0.152778 0.175676
6 0.413399 0.718919 0.0686275 0.135135
20 0.560458 0.572973 0.0130719 0.0432432
2 0.560458 0.597297 0.00490196 0.0918919
1 0.264706 0.394595 0.181373 0.356757
2 0.583742 0.636486 0.0106209 0.132432
6 0.449755 0.627027 0.0285948 0.0486486
2 0.768382 0.851351 0.0923203 0.297297
2 0.39134 0.535135 0.00326797 0.0324324
20 0.561275 0.52973 0.0147059 0.0432432
7 0.742239 0.782432 0.0857843 0.0405405
20 0.545752 0.568919 0.0130719 0.0405405
7 0.0453431 0.782432 0.0906863 0.0405405
10 0.262255 0.560811 0.0408497 0.116216
1 0.560866 0.328378 0.0334967 0.0945946
7 0.442402 0.57027 0.0661765 0.0162162
7 0.425245 0.590541 0.0890523 0.0243243
7 0.306781 0.72027 0.268791 0.137838
7 0.499592 0.57027 0.0596405 0.0162162
7 0.392565 0.627027 0.134804 0.0486486
8 0.688725 0.728378 0.264706 0.17027
8 0.555556 0.572973 0.0653595 0.027027
7 0.499183 0.72027 0.21732 0.137838
8 0.604575 0.632432 0.132353 0.0702703
8 0.163399 0.728378 0.326797 0.17027
8 0.572304 0.593243 0.0874183 0.0405405
8 0.357026 0.593243 0.106209 0.0405405
1 0.641748 0.493243 0.0449346 0.235135
8 0.389706 0.572973 0.0767974 0.027027
7 0.499592 0.590541 0.0792484 0.0243243
7 0.499183 0.628378 0.116013 0.0513514
8 0.297386 0.632432 0.169935 0.0702703
5 0.294526 0.356757 0.164216 0.713514
11 0.499592 0.532432 0.0580065 0.0702703
5 0.439951 0.405405 0.0465686 0.308108
5 0.515523 0.360811 0.0686275 0.462162
19 0.261438 0.62027 0.0767974 0.105405
11 0.499592 0.548649 0.0351307 0.0756757
