10 0.176879 0.483784 0.211601 0.924324
7 0.836193 0.898649 0.138072 0.072973
19 0.598448 0.582432 0.0155229 0.0405405
10 0.178513 0.709459 0.167484 0.581081
19 0.607843 0.590541 0.0179739 0.0405405
6 0.457516 0.610811 0.0228758 0.0378378
10 0.189542 0.678378 0.178105 0.643243
10 0.319853 0.641892 0.102124 0.472973
19 0.361928 0.563514 0.0147059 0.0297297
19 0.35049 0.568919 0.0163399 0.0297297
10 0.121324 0.533784 0.234477 0.932432
19 0.344363 0.510811 0.0563725 0.178378
8 0.398693 0.566216 0.0686275 0.0243243
8 0.226716 0.678378 0.255719 0.113514
7 0.500817 0.671622 0.161765 0.0837838
19 0.632353 0.516216 0.0751634 0.259459
7 0.354575 0.671622 0.194444 0.0837838
6 0.335376 0.856757 0.185458 0.286486
7 0.448121 0.564865 0.0596405 0.0108108
6 0.433824 0.671622 0.0457516 0.0837838
8 0.644608 0.678378 0.19281 0.113514
12 0.61152 0.57027 0.125 0.140541
2 0.392974 0.494595 0.00816993 0.118919
2 0.386029 0.494595 0.00898693 0.12973
2 0.193219 0.487838 0.0563725 0.364865
2 0.270833 0.490541 0.0318627 0.267568
2 0.33415 0.491892 0.0179739 0.189189
2 0.129493 0.483784 0.0808824 0.448649
2 0.36969 0.493243 0.0106209 0.148649
2 0.317402 0.491892 0.0204248 0.210811
2 0.296977 0.490541 0.0253268 0.235135
2 0.378268 0.493243 0.00980392 0.137838
2 0.348039 0.493243 0.0147059 0.175676
2 0.238154 0.489189 0.0416667 0.308108
2 0.359477 0.493243 0.0130719 0.159459
5 0.310049 0.545946 0.00245098 0.227027
9 0.408088 0.485135 0.00898693 0.0297297
9 0.310458 0.466216 0.0212418 0.0675676
5 0.422386 0.385135 0.0571895 0.381081
19 0.331291 0.568919 0.0138889 0.072973
11 0.499592 0.589189 0.0776144 0.216216
11 0.499592 0.567568 0.0318627 0.102703
