6 0.26348 0.868919 0.308007 0.262162
8 0.660539 0.691892 0.219771 0.135135
7 0.499592 0.562162 0.0563725 0.0162162
10 0.268382 0.309459 0.102124 0.586486
8 0.314134 0.616216 0.151144 0.0594595
7 0.499592 0.581081 0.0743464 0.0216216
6 0.473448 0.560811 0.0106209 0.0135135
7 0.499592 0.685135 0.183824 0.105405
6 0.466095 0.57973 0.0155229 0.0243243
8 0.595588 0.616216 0.119281 0.0594595
7 0.455474 0.55 0.0498366 0.00810811
7 0.401961 0.612162 0.120915 0.0405405
6 0.45384 0.612162 0.0253268 0.0405405
8 0.365605 0.582432 0.0988562 0.0351351
7 0.430147 0.581081 0.0825163 0.0216216
7 0.335784 0.685135 0.222222 0.105405
10 0.0984477 0.405405 0.196895 0.810811
7 0.499592 0.55 0.0465686 0.00810811
7 0.445261 0.562162 0.0620915 0.0162162
6 0.425245 0.685135 0.0547386 0.105405
8 0.193627 0.691892 0.297386 0.135135
8 0.394608 0.563514 0.0718954 0.0243243
7 0.499592 0.612162 0.105392 0.0405405
10 0.229984 0.648649 0.0465686 0.0432432
10 0.215278 0.651351 0.0204248 0.0486486
10 0.11683 0.664865 0.0212418 0.0486486
10 0.0849673 0.701351 0.0800654 0.0513514
10 0.194444 0.672973 0.0604575 0.0540541
10 0.0661765 0.708108 0.0686275 0.0540541
10 0.0735294 0.704054 0.0767974 0.0621622
10 0.00857843 0.862162 0.0171569 0.151351
10 0.158088 0.656757 0.0498366 0.0378378
10 0.0788399 0.689189 0.0743464 0.0540541
10 0.0755719 0.683784 0.0645425 0.0540541
10 0.163807 0.666216 0.0531046 0.0405405
10 0.213644 0.281081 0.183824 0.540541
10 0.268382 0.643243 0.0498366 0.0432432
10 0.0808824 0.681081 0.0424837 0.0486486
10 0.27982 0.610811 0.0236928 0.0324324
10 0.295343 0.612162 0.0433007 0.0297297
10 0.299837 0.612162 0.0261438 0.0297297
10 0.276552 0.616216 0.0269608 0.0324324
10 0.290033 0.606757 0.0424837 0.0297297
10 0.231618 0.635135 0.0318627 0.0432432
10 0.313317 0.613514 0.0302288 0.0324324
10 0.249592 0.631081 0.0236928 0.0405405
10 0.260212 0.639189 0.0465686 0.0405405
10 0.32598 0.595946 0.0294118 0.0297297
10 0.188725 0.656757 0.0588235 0.0378378
10 0.246732 0.617568 0.0457516 0.0351351
10 0.114379 0.671622 0.0375817 0.0513514
10 0.302288 0.598649 0.0277778 0.0297297
10 0.27982 0.608108 0.0334967 0.027027
10 0.167484 0.658108 0.0457516 0.0405405
10 0.156454 0.667568 0.0367647 0.0486486
10 0.232026 0.621622 0.0179739 0.0378378
10 0.226307 0.633784 0.0343137 0.0351351
10 0.247141 0.625676 0.0482026 0.0351351
10 0.194853 0.636486 0.0285948 0.0405405
10 0.27165 0.613514 0.0433007 0.027027
10 0.329657 0.594595 0.0367647 0.0216216
10 0.300245 0.595946 0.0318627 0.0297297
10 0.310866 0.593243 0.0367647 0.0243243
10 0.332925 0.589189 0.0269608 0.027027
10 0.155229 0.655405 0.0604575 0.0459459
10 0.209967 0.62973 0.0441176 0.0378378
10 0.0959967 0.677027 0.0531046 0.0567568
10 0.312092 0.608108 0.0408497 0.0324324
10 0.0788399 0.695946 0.0776144 0.0459459
10 0.290033 0.613514 0.0147059 0.0324324
10 0.290033 0.6 0.0392157 0.0324324
10 0.207516 0.637838 0.0163399 0.0378378
10 0.112337 0.654054 0.0563725 0.0432432
10 0.10049 0.674324 0.0326797 0.0513514
10 0.0857843 0.663514 0.0653595 0.0405405
10 0.0383987 0.701351 0.0767974 0.0621622
10 0.165441 0.644595 0.0302288 0.0405405
10 0.0698529 0.685135 0.0727124 0.0621622
10 0.114788 0.675676 0.0433007 0.0486486
10 0.115196 0.654054 0.0473856 0.0432432
10 0.0228758 0.705405 0.0457516 0.0540541
10 0.131536 0.666216 0.0620915 0.0459459
10 0.0947712 0.686486 0.0735294 0.0486486
10 0.180556 0.627027 0.0457516 0.0324324
10 0.0445261 0.708108 0.0383987 0.0648649
10 0.247141 0.601351 0.0269608 0.0243243
10 0.26348 0.602703 0.0220588 0.027027
10 0.267565 0.601351 0.0351307 0.0243243
10 0.270425 0.591892 0.0277778 0.0216216
10 0.275327 0.604054 0.0359477 0.0243243
10 0.300245 0.593243 0.0187908 0.0243243
10 0.192402 0.639189 0.0482026 0.0297297
10 0.242647 0.605405 0.0130719 0.027027
10 0.181373 0.627027 0.0343137 0.0324324
10 0.219363 0.616216 0.0367647 0.027027
10 0.238154 0.622973 0.0416667 0.0297297
10 0.218137 0.621622 0.0424837 0.027027
10 0.223856 0.612162 0.0147059 0.0297297
10 0.25531 0.612162 0.0204248 0.0297297
10 0.33415 0.577027 0.0245098 0.0189189
10 0.382761 0.564865 0.0171569 0.0162162
10 0.32067 0.575676 0.0122549 0.0162162
10 0.392974 0.560811 0.0196078 0.0135135
10 0.321487 0.583784 0.0285948 0.0162162
10 0.314542 0.581081 0.0277778 0.0162162
10 0.327206 0.577027 0.0122549 0.0189189
10 0.36683 0.562162 0.0179739 0.0162162
10 0.304739 0.57973 0.0277778 0.0189189
10 0.331699 0.57973 0.0261438 0.0189189
10 0.294118 0.590541 0.0163399 0.0243243
10 0.298203 0.587838 0.0147059 0.0243243
10 0.302696 0.589189 0.0302288 0.0216216
10 0.382353 0.556757 0.0147059 0.0162162
10 0.378268 0.562162 0.0228758 0.0162162
10 0.390114 0.555405 0.0138889 0.0135135
10 0.392565 0.558108 0.0106209 0.0135135
10 0.399101 0.555405 0.0204248 0.0135135
10 0.384395 0.558108 0.0220588 0.0135135
10 0.38848 0.552703 0.0187908 0.0135135
10 0.400327 0.55 0.0130719 0.0135135
10 0.412173 0.55 0.0187908 0.0135135
10 0.390114 0.55 0.0187908 0.0135135
10 0.414216 0.540541 0.0147059 0.0108108
10 0.395833 0.55 0.0187908 0.0135135
10 0.412582 0.547297 0.0179739 0.0135135
10 0.420752 0.543243 0.0163399 0.0108108
10 0.413399 0.540541 0.00980392 0.0108108
10 0.406046 0.540541 0.0163399 0.0108108
10 0.408497 0.541892 0.00980392 0.0135135
10 0.42402 0.541892 0.0130719 0.0135135
10 0.403186 0.544595 0.0171569 0.0135135
10 0.39951 0.545946 0.0179739 0.0108108
10 0.410539 0.544595 0.0171569 0.0135135
10 0.410948 0.547297 0.0147059 0.0135135
10 0.407271 0.540541 0.0122549 0.0108108
10 0.406046 0.55 0.0196078 0.0135135
10 0.405229 0.548649 0.0179739 0.0108108
10 0.395425 0.545946 0.0114379 0.0108108
10 0.407271 0.547297 0.0155229 0.0135135
10 0.384804 0.55 0.0163399 0.0135135
10 0.392565 0.547297 0.0138889 0.0135135
10 0.408088 0.543243 0.0155229 0.0108108
10 0.381127 0.554054 0.0204248 0.0108108
10 0.385212 0.55 0.0138889 0.0135135
10 0.397876 0.55 0.0179739 0.0135135
10 0.375408 0.552703 0.0171569 0.0135135
10 0.412582 0.545946 0.0114379 0.0108108
10 0.417075 0.543243 0.0155229 0.0108108
10 0.384804 0.555405 0.0196078 0.0135135
10 0.374592 0.55 0.0187908 0.0135135
10 0.373366 0.558108 0.0212418 0.0135135
10 0.368056 0.559459 0.0187908 0.0162162
10 0.381944 0.556757 0.00735294 0.0162162
10 0.35866 0.556757 0.00816993 0.0162162
10 0.336601 0.562162 0.0163399 0.0162162
10 0.341503 0.57027 0.0245098 0.0162162
10 0.332516 0.567568 0.0130719 0.0162162
10 0.344363 0.560811 0.0204248 0.0135135
10 0.351716 0.560811 0.0171569 0.0135135
10 0.343546 0.568919 0.00735294 0.0189189
10 0.313725 0.568919 0.0163399 0.0189189
10 0.347222 0.564865 0.0212418 0.0162162
10 0.324346 0.572973 0.0245098 0.0162162
10 0.35866 0.560811 0.0114379 0.0135135
10 0.3125 0.577027 0.00898693 0.0189189
10 0.308415 0.57027 0.0236928 0.0162162
10 0.345588 0.563514 0.0130719 0.0135135
10 0.311275 0.575676 0.0261438 0.0162162
10 0.339869 0.564865 0.0212418 0.0162162
10 0.302288 0.578378 0.0163399 0.0216216
10 0.310458 0.571622 0.0245098 0.0189189
10 0.34518 0.564865 0.0204248 0.0162162
10 0.305147 0.571622 0.0220588 0.0189189
10 0.312908 0.574324 0.0179739 0.0189189
10 0.352941 0.560811 0.0212418 0.0135135
10 0.335376 0.563514 0.0220588 0.0135135
10 0.335376 0.57027 0.0220588 0.0162162
10 0.309232 0.578378 0.0269608 0.0162162
10 0.325572 0.568919 0.0236928 0.0189189
10 0.363971 0.562162 0.00898693 0.0162162
10 0.352124 0.560811 0.0163399 0.0135135
10 0.323938 0.574324 0.0187908 0.0189189
10 0.341095 0.568919 0.0236928 0.0135135
10 0.293301 0.577027 0.0261438 0.0189189
10 0.299428 0.57973 0.0269608 0.0189189
10 0.361928 0.552703 0.0179739 0.0135135
10 0.36683 0.552703 0.0147059 0.0135135
10 0.369281 0.555405 0.00980392 0.0135135
10 0.370915 0.551351 0.0179739 0.0108108
10 0.388072 0.548649 0.0114379 0.0108108
10 0.388889 0.548649 0.00980392 0.0108108
10 0.357843 0.560811 0.0130719 0.0135135
10 0.366422 0.552703 0.0138889 0.0135135
10 0.382761 0.551351 0.0171569 0.0108108
10 0.364788 0.551351 0.0171569 0.0108108
10 0.359886 0.555405 0.0187908 0.0135135
10 0.378268 0.548649 0.0147059 0.0108108
10 0.358252 0.555405 0.0106209 0.0135135
10 0.363971 0.552703 0.0171569 0.0135135
10 0.342729 0.559459 0.0187908 0.0162162
10 0.422386 0.540541 0.0147059 0.0108108
10 0.377859 0.548649 0.00898693 0.0108108
10 0.545343 0.539189 0.0138889 0.00810811
10 0.378676 0.551351 0.0171569 0.0108108
10 0.39134 0.545946 0.0114379 0.0108108
10 0.417892 0.540541 0.0138889 0.0108108
10 0.385212 0.548649 0.0138889 0.0108108
10 0.376634 0.55 0.0163399 0.0135135
10 0.377859 0.545946 0.0155229 0.0108108
10 0.382761 0.545946 0.0155229 0.0108108
10 0.397467 0.545946 0.0138889 0.0108108
10 0.423611 0.540541 0.0155229 0.0108108
10 0.382761 0.545946 0.0171569 0.0108108
10 0.386029 0.545946 0.0155229 0.0108108
10 0.382353 0.545946 0.0163399 0.0108108
10 0.36969 0.55 0.0138889 0.0135135
10 0.390523 0.545946 0.0163399 0.0108108
10 0.394199 0.545946 0.0155229 0.0108108
10 0.381536 0.543243 0.00980392 0.0108108
10 0.547386 0.540541 0.0147059 0.0108108
10 0.373775 0.545946 0.0106209 0.0108108
10 0.562092 0.540541 0.0147059 0.0108108
10 0.560049 0.543243 0.0122549 0.0108108
10 0.561683 0.545946 0.0171569 0.0108108
10 0.562908 0.543243 0.0130719 0.0108108
10 0.542075 0.543243 0.0155229 0.0108108
10 0.531046 0.543243 0.00980392 0.0108108
10 0.549837 0.543243 0.0130719 0.0108108
10 0.536356 0.544595 0.0122549 0.0135135
10 0.56781 0.547297 0.0147059 0.0135135
10 0.534722 0.543243 0.0155229 0.0108108
10 0.564134 0.547297 0.0171569 0.0135135
10 0.547386 0.543243 0.0147059 0.0108108
10 0.529412 0.547297 0.0130719 0.0135135
10 0.541667 0.540541 0.0114379 0.0108108
10 0.55719 0.545946 0.0163399 0.0108108
10 0.548203 0.540541 0.0147059 0.0108108
10 0.533905 0.548649 0.0138889 0.0108108
10 0.555556 0.543243 0.0114379 0.0108108
10 0.578431 0.55 0.0179739 0.0135135
10 0.56781 0.55 0.0179739 0.0135135
10 0.537582 0.55 0.0179739 0.0135135
10 0.564951 0.55 0.0122549 0.0135135
10 0.549837 0.545946 0.0147059 0.0108108
10 0.556781 0.548649 0.0171569 0.0108108
10 0.546569 0.551351 0.0179739 0.0108108
10 0.541667 0.55 0.0163399 0.0135135
10 0.581291 0.552703 0.0187908 0.0135135
10 0.575163 0.548649 0.0179739 0.0108108
10 0.554739 0.552703 0.0179739 0.0135135
10 0.553105 0.551351 0.0179739 0.0108108
10 0.571078 0.552703 0.0147059 0.0135135
10 0.570261 0.556757 0.0114379 0.0162162
10 0.581291 0.562162 0.0220588 0.0162162
10 0.569444 0.558108 0.0196078 0.0135135
10 0.577614 0.559459 0.0163399 0.0162162
10 0.553513 0.558108 0.0204248 0.0135135
10 0.563725 0.555405 0.0196078 0.0135135
10 0.560458 0.571622 0.0245098 0.0189189
10 0.577206 0.562162 0.0171569 0.0162162
10 0.564542 0.564865 0.0114379 0.0162162
10 0.607435 0.578378 0.0204248 0.0216216
10 0.591095 0.574324 0.0253268 0.0189189
10 0.594363 0.571622 0.0220588 0.0189189
10 0.562908 0.564865 0.0114379 0.0162162
10 0.555964 0.568919 0.00898693 0.0189189
10 0.559641 0.578378 0.0179739 0.0216216
10 0.556781 0.567568 0.0220588 0.0162162
10 0.57067 0.574324 0.0253268 0.0189189
10 0.582516 0.562162 0.0179739 0.0162162
10 0.602533 0.566216 0.0187908 0.0189189
10 0.616013 0.586486 0.0294118 0.0216216
10 0.57067 0.57973 0.0269608 0.0189189
10 0.612745 0.57973 0.0277778 0.0189189

10 0.620915 0.594595 0.0196078 0.027027

10 0.635621 0.6 0.0147059 0.027027
3243
10 0.593954 0.585135 0.00980392 0.0243243
10 0.632353 0.598649 0.0343137 0.0243243
10 0.648693 0.6 0.0310458 0.027027
10 0.604575 0.609459 0.0343137 0.0297297
10 0.559641 0.572973 0.0245098 0.0162162
10 0.627859 0.613514 0.0383987 0.027027
10 0.597631 0.6 0.0269608 0.027027
7297
10 0.575163 0.601351 0.0212418 0.0297297
10 0.705065 0.656757 0.0490196 0.0432432
10 0.645425 0.654054 0.0522876 0.0378378
10 0.599673 0.643243 0.0196078 0.0432432
10 0.634395 0.617568 0.0351307 0.0297297
10 0.597631 0.636486 0.0416667 0.0405405
10 0.600082 0.621622 0.0220588 0.0324324
10 0.604984 0.62027 0.0138889 0.0351351
10 0.629902 0.640541 0.0441176 0.0378378
10 0.619281 0.613514 0.0359477 0.0324324
10 0.634804 0.637838 0.0424837 0.0378378
10 0.67402 0.621622 0.0424837 0.0324324

10 0.669118 0.624324 0.0392157 0.0378378
10 0.626225 0.613514 0.0367647 0.0324324
10 0.731209 0.663514 0.0359477 0.0513514
10 0.614379 0.659459 0.0441176 0.0486486
10 0.640931 0.695946 0.0498366 0.0621622
10 0.683007 0.645946 0.0506536 0.0432432
10 0.618056 0.701351 0.0661765 0.0567568
10 0.69281 0.675676 0.0588235 0.0486486

10 0.614788 0.666216 0.0302288 0.0513514
10 0.730392 0.666216 0.0571895 0.0513514
4 0.434232 0.541892 0.00735294 0.0513514
10 0.696895 0.717568 0.0359477 0.072973
10 0.645425 0.751351 0.0539216 0.0864865
10 0.763889 0.724324 0.0816993 0.075674 0.218954 0.581081 0.0228758 0.281081

10 0.67402 0.787838 0.0882353 0.110811
