2 0.617239 0.548649 0.0187908 0.0432432
2 0.640931 0.548649 0.0187908 0.0432432
10 0.166667 0.62027 0.199346 0.759459
10 0.247549 0.57973 0.179739 0.710811
10 0.57884 0.510811 0.0171569 0.0594595
10 0.125 0.67973 0.220588 0.640541
19 0.605392 0.55 0.0179739 0.0189189
19 0.60866 0.554054 0.0196078 0.0216216
2 0.591095 0.548649 0.0187908 0.0432432
2 0.345588 0.495946 0.0147059 0.175676
7 0.500817 0.558108 0.0490196 0.0135135
2 0.357843 0.495946 0.0130719 0.164865
7 0.542892 0.574324 0.146242 0.0189189
2 0.368464 0.495946 0.0114379 0.148649
2 0.377042 0.497297 0.0106209 0.140541
7 0.560866 0.601351 0.208333 0.0351351
2 0.385212 0.497297 0.00898693 0.12973
2 0.565359 0.547297 0.0163399 0.0405405
7 0.441993 0.574324 0.0686275 0.0189189
2 0.533905 0.543243 0.00735294 0.0378378
2 0.392157 0.497297 0.00816993 0.124324
19 0.579657 0.545946 0.0220588 0.0378378
8 0.247958 0.67027 0.321078 0.183784
17 0.382353 0.581081 0.0196078 0.0594595
17 0.40482 0.566216 0.0138889 0.0459459
2 0.264706 0.491892 0.0343137 0.275676
5 0.418709 0.375676 0.0629085 0.416216
5 0.449755 0.424324 0.0383987 0.259459
2 0.229167 0.490541 0.0449346 0.321622
17 0.420343 0.554054 0.0106209 0.0378378
2 0.180964 0.487838 0.0612745 0.381081
5 0.558007 0.494595 0.00326797 0.264865
17 0.41299 0.559459 0.0122549 0.0432432
5 0.926062 0.386486 0.0514706 0.378378
2 0.292075 0.493243 0.0269608 0.240541
18 0.558824 0.418919 0.00980392 0.102703
17 0.395016 0.571622 0.0171569 0.0513514
2 0.330882 0.494595 0.0179739 0.194595
2 0.11152 0.485135 0.0890523 0.472973
2 0.313317 0.494595 0.0220588 0.216216
5 0.554739 0.401351 0.0310458 0.332432
18 0.640931 0.456757 0.00735294 0.0540541
11 0.500408 0.663514 0.0792484 0.251351
18 0.427288 0.464865 0.00490196 0.0432432
5 0.637255 0.498649 0.00163399 0.143243
11 0.498775 0.72027 0.262255 0.559459
5 0.426879 0.497297 0.000816993 0.118919
