10 0.229575 0.745946 0.156863 0.508108
10 0.713644 0.305405 0.247549 0.610811
10 0.23366 0.760811 0.143791 0.478378
19 0.796977 0.687838 0.152778 0.154054
19 0.930556 0.563514 0.124183 0.121622
19 0.617239 0.562162 0.0122549 0.0594595
19 0.627451 0.567568 0.00653595 0.0648649
1 0.739788 0.372973 0.381536 0.362162
1 0.672794 0.331081 0.0236928 0.072973
19 0.623366 0.566216 0.0130719 0.0675676
1 0.673203 0.132432 0.0228758 0.0810811
19 0.609886 0.558108 0.0106209 0.0567568
7 0.61683 0.62973 0.0359477 0.0108108
20 0.95915 0.702703 0.0816993 0.535135
19 0.605392 0.554054 0.00980392 0.0540541
1 0.960376 0.445946 0.0792484 0.140541
19 0.653595 0.572973 0.0196078 0.0378378
19 0.734477 0.572973 0.0245098 0.0378378
20 0.97835 0.855405 0.0433007 0.240541
7 0.500817 0.632432 0.129085 0.0594595
7 0.381944 0.632432 0.151144 0.0594595
8 0.383987 0.566216 0.0816993 0.0297297
8 0.406454 0.552703 0.0629085 0.0189189
7 0.5 0.587838 0.0849673 0.0297297
7 0.420343 0.587838 0.0955882 0.0297297
6 0.44567 0.632432 0.0334967 0.0594595
7 0.265114 0.756757 0.34232 0.189189
6 0.397467 0.756757 0.0906863 0.189189
6 0.462827 0.587838 0.0187908 0.0297297
19 0.703023 0.587838 0.0367647 0.00810811
8 0.348039 0.590541 0.116013 0.0459459
19 0.821895 0.645946 0.0669935 0.0162162
7 0.501634 0.756757 0.271242 0.189189
1 0.648693 0.47973 0.153595 0.197297
8 0.276552 0.636486 0.193627 0.0837838
8 0.73366 0.767568 0.339869 0.232432
1 0.787582 0.478378 0.218954 0.2
8 0.61683 0.636486 0.150327 0.0837838
1 0.648693 0.478378 0.153595 0.2
8 0.154003 0.767568 0.308007 0.232432
1 0.787582 0.478378 0.218954 0.2
2 0.363154 0.485135 0.0122549 0.154054
1 0.78799 0.293243 0.219771 0.224324
2 0.303513 0.482432 0.0236928 0.224324
2 0.372141 0.485135 0.0106209 0.143243
2 0.338644 0.483784 0.0171569 0.183784
2 0.351716 0.483784 0.0138889 0.167568
2 0.388072 0.485135 0.00816993 0.127027
2 0.322712 0.482432 0.0196078 0.202703
2 0.380719 0.485135 0.00980392 0.132432
1 0.78799 0.293243 0.219771 0.224324
2 0.0118464 0.467568 0.0236928 0.718919
5 0.362745 0.317568 0.109477 0.635135
11 0.499592 0.55 0.0285948 0.0891892
11 0.499183 0.572973 0.0718954 0.2
2 0.0690359 0.472973 0.10866 0.52973
2 0.208742 0.478378 0.0514706 0.345946
2 0.249592 0.47973 0.0383987 0.294595
2 0.27982 0.481081 0.0302288 0.254054
5 0.510212 0.387838 0.0498366 0.337838
2 0.152778 0.475676 0.0718954 0.416216
19 0.554739 0.564865 0.0130719 0.0756757
