1 0.673611 0.454054 0.0612745 0.12973
20 0.53799 0.518919 0.00898693 0.027027
20 0.528186 0.543243 0.00735294 0.027027
20 0.537173 0.543243 0.00735294 0.027027
6 0.203023 0.887838 0.406046 0.224324
6
6 0.416258 0.710811 0.0645425 0.124324
2 0.551879 0.582432 0.00408497 0.0783784
7 0.338644 0.597297 0.0269608 0.00540541
6 0.464869 0.590541 0.0163399 0.0243243
7 0.583333 0.597297 0.0228758 0.00540541
19 0.35335 0.568919 0.0122549 0.0945946
6 0.472222 0.568919 0.0114379 0.0135135
19 0.614788 0.543243 0.0645425 0.0756757
7 0.443219 0.57027 0.0645425 0.0162162
6 0.477533 0.556757 0.00898693 0.0108108
10 0.299428 0.528378 0.0416667 0.127027
2 0.536356 0.558108 0.00245098 0.0513514
10 0.387255 0.528378 0.0163399 0.0567568
6 0.45098 0.625676 0.0277778 0.0459459
7 0.314951 0.712162 0.255719 0.127027
7 0.426471 0.590541 0.0866013 0.0243243
7 0.499183 0.57027 0.0588235 0.0162162
7 0.499592 0.556757 0.0482026 0.0108108
8 0.301879 0.628378 0.164216 0.0675676
7 0.499592 0.590541 0.0776144 0.0243243
8 0.571487 0.591892 0.0857843 0.0378378
8 0.554739 0.57027 0.0637255 0.027027
7 0.395425 0.625676 0.130719 0.0459459
1 0.582108 0.494595 0.0236928 0.135135
19 0.297386 0.602703 0.0620915 0.0864865
11 0.499592 0.539189 0.0285948 0.0621622
5 0.414216 0.366216 0.0669935 0.440541
1 0.777778 0.121622 0.228758 0.243243
5 0.509804 0.413514 0.0424837 0.286486
8 0.601716 0.628378 0.128268 0.0675676
20 0.704657 0.562162 0.0155229 0.0540541
8 0.680556 0.72027 0.251634 0.159459
5 0.529003 0.335135 0.128268 0.67027
19 0.739788 0.572973 0.0465686 0.0594595
8 0.165441 0.72027 0.330882 0.159459
19 0.386846 0.555405 0.0302288 0.0459459
