6 0.395833 0.768919 0.0923203 0.191892
7 0.501634 0.768919 0.27451 0.191892
7 0.499592 0.598649 0.0857843 0.0297297
7 0.381127 0.643243 0.151144 0.0594595
7 0.499592 0.575676 0.0629085 0.0162162
7 0.499183 0.562162 0.0506536 0.0108108
6 0.470588 0.575676 0.0130719 0.0162162
7 0.5 0.643243 0.130719 0.0594595
6 0.475899 0.562162 0.00898693 0.0108108
6 0.444853 0.643243 0.0334967 0.0594595
6 0.46201 0.598649 0.0187908 0.0297297
7 0.262663 0.768919 0.343954 0.191892
8 0.546977 0.563514 0.0547386 0.0189189
8 0.578023 0.602703 0.0955882 0.0432432
8 0.274918 0.648649 0.195261 0.0810811
7 0.419935 0.598649 0.0964052 0.0297297
7 0.451389 0.562162 0.0547386 0.0108108
8 0.61683 0.648649 0.150327 0.0810811
7 0.439134 0.575676 0.0694444 0.0162162
8 0.734886 0.77973 0.34232 0.235135
8 0.153186 0.77973 0.306373 0.235135
8 0.38317 0.578378 0.0816993 0.027027
10 0.118873 0.686486 0.0367647 0.0540541
10 0.0351307 0.743243 0.0702614 0.0918919
10 0.207108 0.3 0.123366 0.356757
10 0.0461601 0.7 0.0710784 0.0432432
10 0.300654 0.424324 0.148693 0.410811
10 0.0551471 0.713514 0.0629085 0.0540541
10 0.270425 0.325676 0.150327 0.375676
10 0.0396242 0.709459 0.0792484 0.0567568
10 0.0494281 0.759459 0.0988562 0.0810811
10 0.115196 0.689189 0.0375817 0.0540541
8 0.405637 0.563514 0.0629085 0.0189189
10 0.0163399 0.8 0.0326797 0.0810811
59
10 0.370915 0.333784 0.0702614 0.462162
10 0.294935 0.608108 0.0310458 0.027027
10 0.254493 0.617568 0.0383987 0.0351351
10 0.32598 0.6 0.0343137 0.0216216
10 0.303513 0.606757 0.0269608 0.0297297
10 0.244281 0.632432 0.0294118 0.0378378
10 0.238562 0.652703 0.0441176 0.0459459
10 0.208333 0.658108 0.0571895 0.0459459
10 0.299837 0.614865 0.0179739 0.0351351
10 0.29085 0.601351 0.0179739 0.0243243
10 0.315768 0.6 0.0351307 0.027027
10 0.261846 0.635135 0.0400327 0.0324324
10 0.279412 0.613514 0.0424837 0.027027
10 0.264706 0.636486 0.0490196 0.0351351
10 0.180556 0.65 0.0277778 0.0459459
10 0.274918 0.616216 0.0285948 0.0324324
10 0.292484 0.618919 0.0245098 0.0324324
10 0.204657 0.667568 0.0596405 0.0378378
10 0.303105 0.606757 0.0196078 0.0243243
10 0.281454 0.617568 0.0285948 0.0297297
10 0.204657 0.656757 0.0482026 0.0486486
10 0.215686 0.622973 0.0228758 0.0351351
10 0.110703 0.664865 0.0563725 0.0486486
10 0.224265 0.62027 0.0187908 0.0297297
10 0.227941 0.622973 0.0261438 0.0351351
10 0.142565 0.662162 0.0383987 0.0486486
10 0.223039 0.627027 0.0408497 0.0324324
10 0.182598 0.636486 0.0433007 0.0405405
10 0.169526 0.643243 0.0482026 0.0432432
10 0.197712 0.627027 0.0473856 0.0324324
10 0.142974 0.663514 0.0555556 0.0405405
10 0.0947712 0.666216 0.0620915 0.0405405
10 0.0171569 0.704054 0.0343137 0.0621622
10 0.111928 0.677027 0.0669935 0.0459459
10 0.0964052 0.671622 0.0326797 0.0513514
10 0.215278 0.635135 0.0498366 0.0324324
10 0.128268 0.668919 0.0604575 0.0459459
10 0.128676 0.67027 0.0612745 0.0378378
10 0.0714869 0.689189 0.0727124 0.0540541
10 0.281046 0.601351 0.0326797 0.0243243
10 0.248366 0.624324 0.0408497 0.027027
10 0.291667 0.608108 0.0147059 0.027027
10 0.175654 0.643243 0.0179739 0.0378378
10 0.211193 0.624324 0.0416667 0.0324324
10 0.164216 0.647297 0.0506536 0.0405405
10 0.252451 0.610811 0.0277778 0.027027
10 0.243056 0.621622 0.0400327 0.027027
10 0.272467 0.604054 0.0318627 0.0243243
10 0.156046 0.643243 0.0424837 0.0324324
10 0.194444 0.632432 0.0441176 0.0324324
10 0.242647 0.62027 0.0310458 0.0297297
10 0.154412 0.656757 0.0179739 0.0432432
10 0.242647 0.622973 0.0408497 0.0243243
10 0.132353 0.65 0.0245098 0.0405405
10 0.170752 0.640541 0.0261438 0.0378378
10 0.256127 0.609459 0.0302288 0.0243243
10 0.305147 0.595946 0.0285948 0.0189189
10 0.330474 0.586486 0.0204248 0.0216216
10 0.322712 0.590541 0.0294118 0.0243243
10 0.343137 0.586486 0.0163399 0.0216216
10 0.315359 0.593243 0.0277778 0.0243243
10 0.314951 0.586486 0.0253268 0.0216216
10 0.298611 0.598649 0.0302288 0.0189189
10 0.315359 0.595946 0.0261438 0.0189189
10 0.36683 0.568919 0.0114379 0.0189189
10 0.369281 0.57027 0.0245098 0.0162162
10 0.365196 0.567568 0.0179739 0.0162162
10 0.368873 0.566216 0.0187908 0.0189189
10 0.361111 0.564865 0.0228758 0.0162162
10 0.363562 0.571622 0.0147059 0.0189189
10 0.339052 0.574324 0.0261438 0.0189189
10 0.372958 0.572973 0.0155229 0.0162162
10 0.339869 0.577027 0.0212418 0.0189189
10 0.369281 0.574324 0.00980392 0.0189189
10 0.344363 0.582432 0.0220588 0.0189189
10 0.33701 0.578378 0.0204248 0.0162162
10 0.327206 0.582432 0.0122549 0.0189189
10 0.339052 0.57027 0.0130719 0.0162162
10 0.375 0.567568 0.0245098 0.0162162
10 0.352124 0.574324 0.0196078 0.0189189
10 0.352533 0.572973 0.0236928 0.0162162
10 0.335784 0.574324 0.0163399 0.0189189
10 0.338644 0.574324 0.0253268 0.0189189
10 0.342729 0.577027 0.0138889 0.0189189
10 0.292892 0.591892 0.0302288 0.0216216
10 0.303513 0.585135 0.0285948 0.0189189
10 0.191993 0.609459 0.0212418 0.0243243
10 0.295752 0.583784 0.0277778 0.0216216
10 0.271242 0.6 0.0326797 0.0216216
10 0.231618 0.604054 0.0351307 0.0243243
10 0.305964 0.581081 0.0269608 0.0216216
10 0.348039 0.575676 0.0245098 0.0162162
10 0.19281 0.616216 0.0196078 0.027027
10 0.222222 0.612162 0.0310458 0.0243243
10 0.203431 0.606757 0.0359477 0.0243243
10 0.200163 0.614865 0.0392157 0.0243243
10 0.24469 0.595946 0.0285948 0.0243243
10 0.186683 0.609459 0.0269608 0.0243243
10 0.306781 0.581081 0.0269608 0.0216216
10 0.189951 0.609459 0.0220588 0.0243243
10 0.214052 0.605405 0.0343137 0.027027
10 0.275735 0.587838 0.0155229 0.0189189
10 0.289624 0.586486 0.0253268 0.0216216
10 0.251634 0.595946 0.0326797 0.0189189
10 0.206291 0.608108 0.0367647 0.0216216
10 0.181781 0.618919 0.0400327 0.027027
10 0.260212 0.594595 0.0220588 0.0216216
10 0.238154 0.6 0.0318627 0.0216216
10 0.225899 0.6 0.0334967 0.0216216
10 0.316176 0.581081 0.0212418 0.0162162
10 0.303513 0.578378 0.0138889 0.0162162
10 0.301879 0.578378 0.0204248 0.0162162
10 0.286356 0.590541 0.0204248 0.0189189
10 0.287173 0.587838 0.0220588 0.0189189
10 0.286765 0.589189 0.0114379 0.0216216
10 0.283088 0.585135 0.0253268 0.0189189
10 0.293709 0.583784 0.0269608 0.0162162
10 0.311275 0.575676 0.0228758 0.0162162
10 0.326389 0.574324 0.0220588 0.0135135
10 0.300245 0.575676 0.0155229 0.0162162
10 0.251225 0.591892 0.0187908 0.0216216
10 0.248366 0.597297 0.0310458 0.0216216
10 0.269608 0.586486 0.0228758 0.0162162
10 0.349265 0.563514 0.0138889 0.0135135
10 0.33415 0.566216 0.0163399 0.0135135
10 0.354984 0.562162 0.0138889 0.0108108
10 0.341095 0.566216 0.0122549 0.0135135
10 0.329657 0.57027 0.0204248 0.0162162
10 0.342729 0.57027 0.0138889 0.0162162
10 0.334967 0.571622 0.0212418 0.0135135
10 0.330882 0.574324 0.0228758 0.0135135
10 0.31781 0.572973 0.0212418 0.0162162
10 0.341095 0.563514 0.0204248 0.0135135
10 0.356618 0.559459 0.0187908 0.0108108
10 0.332516 0.568919 0.0130719 0.0135135
10 0.337827 0.568919 0.0187908 0.0135135
10 0.361928 0.560811 0.0179739 0.0135135
10 0.399918 0.551351 0.0155229 0.0108108
10 0.416258 0.55 0.0155229 0.0135135
10 0.395425 0.560811 0.0196078 0.0135135
10 0.404412 0.551351 0.0163399 0.0108108
10 0.383578 0.560811 0.0138889 0.0135135
10 0.379902 0.563514 0.0212418 0.0135135
10 0.408497 0.552703 0.0163399 0.0135135
10 0.399101 0.552703 0.0171569 0.0135135
10 0.404003 0.548649 0.0138889 0.0108108
10 0.400327 0.552703 0.0163399 0.0135135
10 0.409722 0.556757 0.0187908 0.0108108

10 0.401961 0.558108 0.0163399 0.0135135
10 0.406046 0.552703 0.0147059 0.0135135
10 0.373366 0.562162 0.0196078 0.0108108
10 0.354575 0.568919 0.0212418 0.0135135
10 0.332516 0.57027 0.0228758 0.0162162

10 0.348039 0.566216 0.00816993 0.0135135
10 0.381536 0.558108 0.00980392 0.0135135
10 0.341912 0.566216 0.0204248 0.0135135
10 0.392157 0.554054 0.0179739 0.0108108
10 0.361928 0.562162 0.0196078 0.0108108
10 0.372549 0.558108 0.0179739 0.0135135
10 0.379902 0.560811 0.00816993 0.0135135
10 0.323938 0.575676 0.0236928 0.0162162
10 0.28799 0.578378 0.0253268 0.0162162
10 0.313317 0.572973 0.0106209 0.0162162
10 0.377042 0.558108 0.0122549 0.0135135
10 0.327206 0.572973 0.0122549 0.0162162
10 0.402369 0.552703 0.0171569 0.0135135
10 0.326797 0.572973 0.0163399 0.0162162
10 0.34518 0.567568 0.0138889 0.0162162
10 0.318627 0.572973 0.0228758 0.0162162
10 0.338644 0.566216 0.0138889 0.0135135
10 0.338235 0.567568 0.0212418 0.0162162

10 0.357026 0.566216 0.0130719 0.0135135
10 0.315359 0.577027 0.0212418 0.0135135
10 0.35866 0.560811 0.00980392 0.0135135
10 0.381127 0.555405 0.00898693 0.0135135110 0.371324 0.559459 0.0171569 0.0108108
10 0.392565 0.551351 0.0155229 0.0108108

10 0.35866 0.559459 0.00980392 0.0108108
10 0.337418 0.563514 0.0196078 0.0135135

10 0.53268 0.548649 0.0130719 0.0108108

10 0.526552 0.548649 0.0155229 0.0108108
10 0.542484 0.548649 0.0114379 0.0108108
10 0.554739 0.558108 0.00980392 0.0135135
10 0.542075 0.555405 0.0171569 0.0135135
10 0.56781 0.552703 0.0147059 0.0135135
10 0.528186 0.55 0.0155229 0.00810811
10 0.574346 0.554054 0.0163399 0.0108108
10 0.528186 0.551351 0.0122549 0.0108108
10 0.574755 0.555405 0.0171569 0.0135135
10 0.558007 0.551351 0.0163399 0.0108108
10 0.561275 0.551351 0.0130719 0.0108108
10 0.565359 0.555405 0.0130719 0.0135135
10 0.540441 0.554054 0.0171569 0.0108108
10 0.564951 0.552703 0.0122549 0.0135135
10 0.551879 0.551351 0.0155229 0.0108108
10 0.555556 0.551351 0.0114379 0.0108108
10 0.561275 0.547297 0.0147059 0.00810811
10 0.52982 0.551351 0.0122549 0.0108108
10 0.534722 0.556757 0.0171569 0.0108108
10 0.533088 0.551351 0.0155229 0.0108108
10 0.548203 0.554054 0.00980392 0.0108108
10 0.542484 0.560811 0.0163399 0.0135135
10 0.568627 0.559459 0.0179739 0.0108108
10 0.565768 0.555405 0.0122549 0.0135135
10 0.559641 0.558108 0.0163399 0.0135135
10 0.573938 0.558108 0.0138889 0.0135135
10 0.545752 0.558108 0.0163399 0.0135135
10 0.555964 0.556757 0.0171569 0.0108108
10 0.550245 0.556757 0.0155229 0.0108108
10 0.537173 0.558108 0.0171569 0.0135135
10 0.562092 0.560811 0.0163399 0.0135135
10 0.564951 0.558108 0.0171569 0.0135135
10 0.588644 0.566216 0.0187908 0.0135135
10 0.53799 0.563514 0.0171569 0.0135135
10 0.54085 0.564865 0.0130719 0.0162162
10 0.579248 0.563514 0.0147059 0.0135135
10 0.584559 0.564865 0.0171569 0.0162162
10 0.557598 0.563514 0.0187908 0.0135135
10 0.563725 0.567568 0.0179739 0.0162162
10 0.583742 0.566216 0.0204248 0.0135135
10 0.568219 0.560811 0.0155229 0.0135135
10 0.566176 0.563514 0.00980392 0.0135135
10 0.554739 0.563514 0.0196078 0.0135135
10 0.560866 0.560811 0.00898693 0.0135135
10 0.555556 0.567568 0.0212418 0.0162162
10 0.572712 0.562162 0.0196078 0.0108108
10 0.565359 0.574324 0.00816993 0.0189189
10 0.593137 0.568919 0.0212418 0.0135135
10 0.588644 0.566216 0.0204248 0.0135135
10 0.598039 0.575676 0.0245098 0.0162162
10 0.57598 0.575676 0.00980392 0.0162162
10 0.558007 0.582432 0.0261438 0.0189189
10 0.575163 0.577027 0.0147059 0.0189189
10 0.560049 0.581081 0.0253268 0.0162162
10 0.571078 0.583784 0.0261438 0.0162162
10 0.592729 0.578378 0.0253268 0.0162162
10 0.59518 0.578378 0.0236928 0.0162162

10 0.577614 0.589189 0.0114379 0.0216216
10 0.585376 0.582432 0.0204248 0.0189189
10 0.560049 0.577027 0.0155229 0.0189189
10 0.572712 0.594595 0.0245098 0.0216216
10 0.553105 0.594595 0.0245098 0.0216216
10 0.593137 0.612162 0.0343137 0.0243243
10 0.651144 0.606757 0.0343137 0.0243243
10 0.564134 0.601351 0.0302288 0.0243243
10 0.594771 0.601351 0.0179739 0.0243243
10 0.585784 0.602703 0.0277778 0.027027

10 0.607843 0.598649 0.0310458 0.0243243
10 0.58415 0.586486 0.0245098 0.0216216

10 0.615605 0.617568 0.0269608 0.0297297
10 0.718546 0.724324 0.0743464 0.0648649
10 0.610294 0.685135 0.0555556 0.0513514
10 0.615605 0.617568 0.0318627 0.0297297
10 0.664624 0.674324 0.0187908 0.0513514
10 0.602941 0.651351 0.0441176 0.0432432
10 0.708742 0.701351 0.0645425 0.0621622
10 0.634804 0.672973 0.0424837 0.0486486
10 0.609886 0.640541 0.0449346 0.0324324
10 0.715686 0.654054 0.0245098 0.0432432
10 0.671569 0.62973 0.0310458 0.0324324
10 0.698938 0.656757 0.0302288 0.0432432
10 0.715686 0.685135 0.0212418 0.0567568
10 0.666258 0.647297 0.0482026 0.0405405
10 0.65768 0.668919 0.0555556 0.0459459
10 0.592729 0.612162 0.0122549 0.0297297
10 0.574755 0.627027 0.0367647 0.0324324
10 0.575572 0.610811 0.0269608 0.027027
10 0.696078 0.689189 0.0637255 0.0540541
10 0.74469 0.672973 0.0596405 0.0432432
10 0.571487 0.62027 0.0383987 0.0297297
10 0.678922 0.671622 0.0571895 0.0405405
10 0.618464 0.631081 0.0228758 0.0351351
10 0.701389 0.647297 0.0498366 0.0405405
10 0.587418 0.624324 0.0277778 0.0324324
10 0.681781 0.637838 0.0204248 0.0378378
10 0.799837 0.72973 0.0375817 0.0756757
10 0.611111 0.628378 0.0408497 0.0297297
10 0.647467 0.724324 0.0678105 0.0648649
10 0.675245 0.674324 0.0416667 0.0513514
10 0.81781 0.72973 0.0849673 0.0756757


10 0.628268 0.712162 0.0686275 0.06216225 0.520833 0.332432 0.0841503 0.562162

10 0.784314 0.704054 0.0718954 0.0567568
10 0.930964 0.855405 0.0857843 0.143243
10 0.796569 0.9 0.129085 0.172973
10 0.719771 0.728378 0.0555556 0.072973
