10 0.290033 0.672973 0.127451 0.567568
19 0.640523 0.617568 0.0261438 0.0567568
19 0.658905 0.632432 0.0302288 0.0648649
19 0.32884 0.582432 0.0204248 0.0351351
6 0.368464 0.847297 0.138889 0.3
19 0.293301 0.516216 0.0866013 0.243243
8 0.405637 0.566216 0.0661765 0.0243243
7 0.417075 0.606757 0.105392 0.0351351
2 0.357435 0.494595 0.0138889 0.167568
2 0.385621 0.495946 0.00980392 0.132432
2 0.377859 0.495946 0.0106209 0.143243
6 0.442402 0.660811 0.0400327 0.072973
8 0.380719 0.582432 0.0882353 0.0297297
7 0.504085 0.606757 0.0931373 0.0351351
20 0.550245 0.521622 0.0204248 0.0594595
2 0.368056 0.495946 0.0122549 0.154054
2 0.392974 0.497297 0.00816993 0.124324
8 0.251225 0.666216 0.229575 0.1
6 0.463235 0.606757 0.0212418 0.0351351
2 0.343954 0.494595 0.0163399 0.183784
8 0.339052 0.609459 0.129085 0.0513514
7 0.439951 0.57973 0.0743464 0.0189189
7 0.453023 0.564865 0.0580065 0.0108108
19 0.719771 0.528378 0.147059 0.440541
7 0.504493 0.662162 0.14951 0.0756757
19 0.309641 0.590541 0.0245098 0.0405405
12 0.678105 0.62027 0.236928 0.240541
5 0.512255 0.417568 0.0408497 0.272973
5 0.545343 0.4 0.223039 0.8
2 0.32884 0.494595 0.0187908 0.2
5 0.39134 0.527027 0.00163399 0.124324
2 0.0212418 0.478378 0.0424837 0.686486
2 0.310049 0.493243 0.0236928 0.224324
19 0.26634 0.597297 0.0212418 0.102703
5 0.405637 0.356757 0.0727124 0.481081
2 0.257761 0.490541 0.0367647 0.289189
9 0.39134 0.482432 0.0114379 0.0351351
2 0.287173 0.493243 0.0285948 0.251351
2 0.218546 0.489189 0.0482026 0.335135
2 0.0853758 0.483784 0.102124 0.513514
2 0.164624 0.486486 0.0678105 0.405405
11 0.503268 0.585135 0.0735294 0.202703
11 0.503268 0.564865 0.0310458 0.0972973
9 0.180556 0.443243 0.0359477 0.113514
5 0.178922 0.582432 0.00653595 0.386486
