1 0.598448 0.222973 0.0596405 0.17027
2 0.376225 0.540541 0.00408497 0.0378378
20 0.284722 0.532432 0.0122549 0.0486486
2 0.332516 0.555405 0.00816993 0.0513514
10 0.5625 0.512162 0.0155229 0.0567568
2 0.345588 0.551351 0.00653595 0.0486486
2 0.390523 0.535135 0.00326797 0.0324324
20 0.279003 0.531081 0.0122549 0.0459459
20 0.270425 0.510811 0.0408497 0.0972973
20 0.663807 0.583784 0.0351307 0.118919
6 0.448529 0.631081 0.0294118 0.0513514
2 0.367647 0.543243 0.00490196 0.0378378
20 0.661765 0.695946 0.0424837 0.127027
2 0.357843 0.545946 0.00653595 0.0432432
20 0.613971 0.674324 0.0351307 0.110811
20 0.263072 0.533784 0.0130719 0.0513514
7 0.457108 0.552703 0.0482026 0.00810811
7 0.446487 0.564865 0.0612745 0.0162162
7 0.390114 0.631081 0.138072 0.0513514
6 0.198529 0.901351 0.397059 0.197297
7 0.53799 0.564865 0.13317 0.0162162
7 0.499183 0.631081 0.119281 0.0513514
7 0.500408 0.589189 0.0841503 0.0324324
6 0.409314 0.72973 0.0735294 0.145946
8 0.292075 0.635135 0.175654 0.0702703
7 0.297386 0.72973 0.284314 0.145946
7 0.499183 0.72973 0.228758 0.145946
7 0.52982 0.552703 0.105392 0.00810811
8 0.160948 0.737838 0.321895 0.183784
7 0.424837 0.589189 0.0931373 0.0324324
18 0.535948 0.45 0.00490196 0.0621622
5 0.397876 0.340541 0.0800654 0.52973
11 0.499592 0.581081 0.0580065 0.124324
11 0.499592 0.556757 0.10049 0.118919
5 0.512255 0.385135 0.0571895 0.381081
5 0.535948 0.494595 0.00163399 0.162162
5 0.602124 0.405405 0.0147059 0.313514
5 0.54085 0.367568 0.176471 0.735135
8 0.698121 0.737838 0.280229 0.183784
19 0.381536 0.536486 0.00653595 0.0459459
8 0.36683 0.589189 0.133987 0.0702703
1 0.944444 0.475676 0.111111 0.918919
19 0.562908 0.545946 0.0228758 0.0378378
