10 0.29085 0.704054 0.124183 0.537838
10 0.313725 0.681081 0.119281 0.556757
10 0.305556 0.690541 0.106209 0.559459
6 0.470997 0.710811 0.0661765 0.124324
10 0.17116 0.778378 0.211601 0.443243
7 0.555147 0.628378 0.115196 0.0513514
10 0.345997 0.597297 0.0988562 0.508108
10 0.288807 0.722973 0.118464 0.554054
7 0.376225 0.709459 0.242647 0.127027
7 0.452206 0.624324 0.128268 0.0486486
10 0.304739 0.648649 0.173203 0.702703
6 0.506127 0.625676 0.0285948 0.0459459
7 0.555147 0.717568 0.213235 0.137838
2 0.434641 0.494595 0.00980392 0.135135
2 0.390114 0.491892 0.0171569 0.189189
10 0.656046 0.554054 0.0228758 0.0648649
8 0.235703 0.708108 0.308007 0.151351
2 0.425654 0.494595 0.0114379 0.145946
2 0.328431 0.490541 0.0310458 0.262162
2 0.404412 0.493243 0.0147059 0.17027
17 0.478758 0.55 0.00980392 0.0351351
8 0.663399 0.633784 0.137255 0.072973
10 0.665441 0.551351 0.0302288 0.0702703
2 0.35335 0.491892 0.0253268 0.232432
2 0.295752 0.489189 0.0408497 0.302703
2 0.441993 0.494595 0.00816993 0.12973
2 0.448938 0.494595 0.00735294 0.118919
10 0.647467 0.564865 0.0236928 0.0756757
17 0.488971 0.543243 0.00735294 0.0324324
17 0.484477 0.545946 0.00816993 0.0324324
2 0.373775 0.491892 0.0204248 0.205405
8 0.429739 0.585135 0.124183 0.0675676
2 0.191993 0.483784 0.0767974 0.432432
2 0.252451 0.486486 0.0539216 0.356757
5 0.571078 0.325676 0.0866013 0.581081
17 0.493056 0.540541 0.00735294 0.027027
5 0.5 0.413514 0.0424837 0.286486
5 0.590278 0.494595 0.00245098 0.162162
18 0.590278 0.45 0.00571895 0.0621622
11 0.554739 0.566216 0.0326797 0.1
11 0.553513 0.568919 0.0596405 0.164865
