19 0.65482 0.552703 0.0187908 0.0243243
20 0.131944 0.537838 0.0155229 0.0540541
20 0.185866 0.547297 0.0187908 0.0675676
20 0.134804 0.537838 0.0163399 0.0540541
20 0.189542 0.548649 0.0196078 0.0702703
20 0.0784314 0.541892 0.0212418 0.0675676
19 0.595997 0.552703 0.0187908 0.0243243
20 0.14951 0.548649 0.0212418 0.0702703
7 0.589461 0.604054 0.0253268 0.00810811
10 0.59518 0.518919 0.0253268 0.0864865
20 0.162173 0.537838 0.0155229 0.0540541
20 0.154003 0.55 0.0220588 0.072973
20 0.112745 0.540541 0.0196078 0.0648649
20 0.0772059 0.540541 0.0204248 0.0648649
7 0.326389 0.604054 0.0285948 0.00810811
20 0.112745 0.539189 0.0196078 0.0621622
2 0.301471 0.566216 0.0114379 0.0621622
8 0.241013 0.672973 0.331699 0.189189
2 0.319853 0.560811 0.00898693 0.0567568
6 0.311683 0.862162 0.223039 0.275676

20 0.147059 0.512162 0.0539216 0.105405
2 0.348856 0.55 0.00653595 0.0459459
2 0.278186 0.575676 0.0138889 0.0702703
20 0.0943627 0.514865 0.0678105 0.127027
2 0.209967 0.598649 0.0228758 0.0945946
20 0.232026 0.536486 0.0147059 0.0567568
20 0.257761 0.535135 0.0138889 0.0540541
2 0.246732 0.586486 0.0179739 0.0810811
20 0.238154 0.537838 0.0155229 0.0594595
2 0.359886 0.545946 0.00571895 0.0432432
20 0.0290033 0.518919 0.0580065 0.156757
20 0.169118 0.516216 0.0686275 0.140541
20 0.247141 0.512162 0.0498366 0.110811
19 0.59518 0.57027 0.0367647 0.0594595
19 0.327206 0.554054 0.0106209 0.0648649
15 0.476716 0.535135 0.195261 0.0486486
2 0.337418 0.540541 0.0179739 0.0324324
19 0.377042 0.506757 0.0351307 0.116216
2 0.267157 0.540541 0.0179739 0.0324324
2 0.354575 0.540541 0.0179739 0.0324324
2 0.302288 0.540541 0.0179739 0.0324324
2 0.319444 0.540541 0.0179739 0.0324324
2 0.371732 0.540541 0.0179739 0.0324324
2 0.284314 0.540541 0.0179739 0.0324324
5 0.273284 0.367568 0.18219 0.735135
5 0.444853 0.412162 0.0433007 0.289189
2 0.687092 0.540541 0.0179739 0.0324324
2 0.652778 0.540541 0.0179739 0.0324324
2 0.617647 0.540541 0.0179739 0.0324324
5 0.560049 0.491892 0.00245098 0.27027
18 0.560866 0.414865 0.00898693 0.105405
18 0.426879 0.463514 0.00408497 0.0459459
2 0.669935 0.540541 0.0179739 0.0324324
5 0.639297 0.495946 0.00245098 0.143243
5 0.520833 0.312162 0.0939542 0.624324
2 0.232026 0.540541 0.0179739 0.0324324
2 0.635212 0.540541 0.0171569 0.0324324
5 0.649918 0.359459 0.0269608 0.464865
2 0.583333 0.540541 0.0179739 0.0324324
2 0.60049 0.540541 0.0179739 0.0324324
18 0.642974 0.455405 0.00653595 0.0567568
5 0.426471 0.495946 0.00163399 0.121622
11 0.498775 0.639189 0.241013 0.289189
11 0.499592 0.774324 0.198529 0.42973
