6 0.20098 0.895946 0.401961 0.208108
7 0.499592 0.572973 0.0596405 0.0162162
7 0.5 0.724324 0.218954 0.135135
6 0.464461 0.593243 0.0171569 0.0243243
7 0.5 0.632432 0.116013 0.0486486
6 0.449755 0.631081 0.0285948 0.0513514
7 0.307598 0.724324 0.268791 0.135135
6 0.413399 0.724324 0.0686275 0.135135
6 0.472222 0.572973 0.0114379 0.0162162
7 0.499592 0.594595 0.0792484 0.027027
7 0.499592 0.560811 0.0482026 0.00810811
8 0.297386 0.635135 0.169935 0.0702703
8 0.163399 0.731081 0.326797 0.17027
7 0.392974 0.632432 0.133987 0.0486486
7 0.425654 0.594595 0.0882353 0.027027
8 0.357435 0.595946 0.107026 0.0405405
8 0.689134 0.732432 0.265523 0.172973
8 0.604575 0.635135 0.132353 0.0702703
7 0.44281 0.572973 0.0653595 0.0162162
8 0.555964 0.575676 0.0645425 0.027027

8 0.572712 0.595946 0.0866013 0.0405405
8 0.389706 0.575676 0.0767974 0.027027
10 0.17933 0.678378 0.0694444 0.0486486
10 0.211193 0.67973 0.0678105 0.0405405
10 0.167075 0.672973 0.0678105 0.0432432
10 0.186275 0.704054 0.0522876 0.0675676
10 0.139706 0.724324 0.0735294 0.0648649
10 0.225082 0.681081 0.0678105 0.0486486
10 0.194036 0.67973 0.0269608 0.0567568
10 0.10335 0.72973 0.0318627 0.0756757
10 0.0518791 0.791892 0.103758 0.102703
10 0.137255 0.694595 0.0784314 0.0486486
10 0.0539216 0.744595 0.0359477 0.0783784
10 0.0375817 0.772973 0.0751634 0.0756757
10 0.260212 0.648649 0.0547386 0.0432432
10 0.0845588 0.751351 0.0580065 0.0864865
10 0.301471 0.627027 0.0457516 0.0324324
10 0.281863 0.613514 0.0359477 0.0324324
10 0.292484 0.616216 0.0310458 0.0324324
10 0.226716 0.645946 0.0547386 0.0378378
10 0.243056 0.660811 0.0563725 0.0459459
10 0.267974 0.635135 0.0506536 0.0324324
10 0.252451 0.633784 0.0424837 0.0351351
10 0.267565 0.628378 0.0285948 0.0351351
10 0.294935 0.616216 0.0408497 0.0324324
10 0.314951 0.621622 0.0383987 0.0324324
10 0.279003 0.62027 0.0171569 0.0351351
10 0.269199 0.628378 0.0465686 0.0351351
10 0.275327 0.616216 0.0424837 0.027027
10 0.252859 0.621622 0.0220588 0.0324324
10 0.0723039 0.733784 0.0710784 0.0783784
10 0.266748 0.643243 0.0220588 0.0378378
10 0.104575 0.693243 0.0490196 0.0567568
10 0.0249183 0.736486 0.0498366 0.072973
10 0.118464 0.677027 0.0718954 0.0513514
10 0.104984 0.704054 0.0808824 0.0567568
10 0.169935 0.664865 0.0588235 0.0486486
10 0.0257353 0.718919 0.0514706 0.0702703
10 0.0910948 0.683784 0.0580065 0.0432432
10 0.00735294 0.728378 0.0147059 0.0675676
10 0.294526 0.627027 0.0367647 0.0324324
10 0.158088 0.674324 0.0661765 0.0513514
10 0.0147059 0.739189 0.0294118 0.072973
10 0.198121 0.658108 0.0285948 0.0459459
10 0.226716 0.637838 0.0204248 0.0378378
10 0.228758 0.659459 0.0588235 0.0432432
10 0.240605 0.655405 0.0367647 0.0405405
10 0.111928 0.709459 0.0833333 0.0567568
10 0.0751634 0.694595 0.0490196 0.0540541
10 0.208742 0.660811 0.0580065 0.0459459
10 0.331699 0.589189 0.0147059 0.0216216110 0.232843 0.635135 0.0163399 0.032432410 0.349265 0.591892 0.0236928 0.0216216
10 0.336193 0.601351 0.0334967 0.0243243
10 0.330065 0.594595 0.0310458 0.0216216
10 0.337827 0.587838 0.0285948 0.0189189
10 0.202206 0.637838 0.0351307 0.0324324
10 0.232026 0.635135 0.0196078 0.0324324
10 0.324346 0.612162 0.0245098 0.0297297
10 0.137255 0.664865 0.0571895 0.0432432
10 0.190359 0.656757 0.0539216 0.0324324
10 0.126634 0.666216 0.0604575 0.0459459
10 0.24469 0.627027 0.0383987 0.027027
10 0.145425 0.658108 0.0539216 0.0405405
10 0.117239 0.682432 0.0547386 0.0513514
10 0.0943627 0.678378 0.0563725 0.0486486
10 0.331291 0.608108 0.0351307 0.027027
10 0.333742 0.587838 0.0302288 0.0189189
10 0.169935 0.647297 0.0506536 0.0351351
10 0.254902 0.625676 0.0408497 0.0243243
10 0.332925 0.602703 0.0334967 0.0216216
10 0.323121 0.598649 0.0285948 0.0243243
10 0.35049 0.595946 0.0163399 0.0243243
10 0.268791 0.62027 0.0375817 0.0297297
10 0.36969 0.585135 0.0285948 0.0189189
10 0.319444 0.608108 0.0277778 0.027027
10 0.363971 0.583784 0.0138889 0.0216216
10 0.38848 0.57027 0.0187908 0.0162162
10 0.370507 0.575676 0.0187908 0.0162162
10 0.397876 0.563514 0.0196078 0.0135135
10 0.389706 0.57027 0.0245098 0.0162162
10 0.372958 0.564865 0.0204248 0.0162162
10 0.376634 0.567568 0.0228758 0.0162162
10 0.398284 0.566216 0.0220588 0.0135135
10 0.375408 0.567568 0.0220588 0.0162162
10 0.355801 0.578378 0.0269608 0.0162162
10 0.361928 0.578378 0.0196078 0.0162162
10 0.372958 0.57027 0.0155229 0.0162162
10 0.388072 0.567568 0.0212418 0.0162162
10 0.375 0.577027 0.0196078 0.0189189
10 0.355801 0.577027 0.0155229 0.0189189
10 0.374183 0.57973 0.0130719 0.0189189
10 0.391748 0.567568 0.0171569 0.0162162
10 0.326389 0.581081 0.0236928 0.0216216
10 0.332925 0.586486 0.0187908 0.0216216
10 0.323938 0.591892 0.0302288 0.0216216
10 0.302288 0.590541 0.0294118 0.0189189
10 0.327206 0.581081 0.0269608 0.0162162
10 0.355801 0.57973 0.0155229 0.0189189
10 0.36152 0.575676 0.0220588 0.0162162
10 0.350899 0.571622 0.0236928 0.0189189
10 0.333742 0.586486 0.0155229 0.0216216
10 0.325572 0.586486 0.0285948 0.0216216
10 0.357843 0.571622 0.0245098 0.0189189
10 0.371324 0.568919 0.0155229 0.0135135
10 0.366013 0.578378 0.0245098 0.0162162
10 0.371324 0.575676 0.0253268 0.0162162
10 0.366013 0.572973 0.0114379 0.0162162
10 0.263072 0.616216 0.0245098 0.027027
10 0.231618 0.617568 0.0171569 0.0297297
10 0.29085 0.598649 0.0228758 0.0243243
10 0.292484 0.601351 0.0228758 0.0243243
10 0.277369 0.598649 0.0302288 0.0243243
10 0.310049 0.594595 0.0285948 0.0216216
10 0.591912 0.57027 0.0122549 0.0162162
10 0.329248 0.586486 0.0196078 0.0216216
10 0.586193 0.568919 0.0204248 0.0135135
10 0.306781 0.594595 0.00898693 0.0216216
10 0.344771 0.577027 0.0212418 0.0189189
10 0.169118 0.645946 0.0490196 0.0378378
10 0.572712 0.568919 0.0212418 0.0135135
10 0.34518 0.578378 0.0236928 0.0162162
10 0.227124 0.628378 0.0343137 0.0297297
10 0.281863 0.608108 0.0343137 0.0216216
10 0.343546 0.581081 0.0106209 0.0162162
10 0.223448 0.62973 0.0400327 0.027027
10 0.544935 0.568919 0.0212418 0.0135135
10 0.247141 0.625676 0.0187908 0.0297297
10 0.343137 0.572973 0.0130719 0.0162162
10 0.187092 0.645946 0.0506536 0.0378378
10 0.211193 0.62973 0.0171569 0.0324324
10 0.322304 0.585135 0.0171569 0.0189189
10 0.296977 0.595946 0.0155229 0.0243243
10 0.187092 0.639189 0.0245098 0.0351351
10 0.308415 0.594595 0.0106209 0.0216216
10 0.227533 0.622973 0.0416667 0.0243243
10 0.346814 0.577027 0.0220588 0.0135135
10 0.599673 0.575676 0.0245098 0.0162162
10 0.542484 0.572973 0.00816993 0.0162162
10 0.572712 0.572973 0.0228758 0.0162162
10 0.553922 0.581081 0.0245098 0.0162162
10 0.566993 0.575676 0.0114379 0.0162162
10 0.1875 0.65 0.0482026 0.0351351
10 0.597631 0.572973 0.0204248 0.0162162
10 0.54085 0.572973 0.0196078 0.0162162
10 0.54616 0.572973 0.0220588 0.0162162
10 0.222631 0.633784 0.0285948 0.0297297
10 0.591503 0.568919 0.0212418 0.0135135
10 0.580065 0.578378 0.0228758 0.0162162
10 0.57884 0.577027 0.0122549 0.0189189
10 0.557598 0.572973 0.0204248 0.0162162
10 0.545343 0.582432 0.0236928 0.0189189
10 0.54616 0.57973 0.0236928 0.0189189
10 0.555147 0.575676 0.0220588 0.0162162
10 0.579657 0.582432 0.0220588 0.0189189
10 0.577206 0.585135 0.0187908 0.0189189
10 0.597222 0.6 0.0310458 0.0216216
216
10 0.624183 0.598649 0.0310458 0.0243243
10 0.596814 0.582432 0.0236928 0.0189189
10 0.602941 0.604054 0.0310458 0.0243243
10 0.60049 0.594595 0.0294118 0.0216216
10 0.589461 0.583784 0.0171569 0.0216216
10 0.551471 0.589189 0.0114379 0.0216216
10 0.593137 0.590541 0.0277778 0.0189189
10 0.569036 0.581081 0.0253268 0.0162162
10 0.555964 0.598649 0.0236928 0.0243243
10 0.60049 0.585135 0.0179739 0.0189189
10 0.575163 0.594595 0.0294118 0.0216216
10 0.578431 0.587838 0.0277778 0.0189189
10 0.574755 0.57973 0.0253268 0.0189189
10 0.593137 0.608108 0.0294118 0.027027
10 0.614379 0.597297 0.0310458 0.0216216
10 0.594363 0.581081 0.0253268 0.0162162
10 0.602124 0.583784 0.0261438 0.0162162
10 0.608252 0.609459 0.0351307 0.0243243
10 0.588644 0.627027 0.0269608 0.0324324
10 0.61683 0.617568 0.0343137 0.0297297
10 0.636846 0.612162 0.0318627 0.0297297
10 0.628268 0.614865 0.0294118 0.0297297
10 0.595997 0.598649 0.0253268 0.0243243
10 0.584967 0.612162 0.0163399 0.0297297
10 0.612337 0.62027 0.0351307 0.0297297
10 0.638889 0.609459 0.0343137 0.0243243
10 0.572712 0.618919 0.0212418 0.0324324
10 0.597222 0.613514 0.0359477 0.027027
10 0.650735 0.618919 0.0367647 0.027027
10 0.580065 0.616216 0.0359477 0.027027
10 0.707516 0.655405 0.0473856 0.0405405
10 0.696895 0.667568 0.0555556 0.0378378
10 0.593954 0.654054 0.0408497 0.0432432
10 0.644608 0.633784 0.0424837 0.0351351
10 0.678105 0.65 0.0261438 0.0405405
10 0.651961 0.624324 0.0359477 0.0324324
10 0.675245 0.633784 0.0269608 0.0351351
10 0.627859 0.639189 0.0351307 0.0351351
10 0.67933 0.643243 0.0449346 0.0378378
10 0.667075 0.641892 0.0433007 0.0351351
10 0.60866 0.663514 0.0522876 0.0459459
10 0.658088 0.636486 0.0433007 0.0351351
10 0.57884 0.647297 0.0383987 0.0405405
10 0.692402 0.671622 0.0269608 0.0513514
10 0.72835 0.694595 0.0612745 0.0594595
10 0.623366 0.67027 0.0522876 0.0486486
10 0.656863 0.652703 0.0490196 0.0351351
10 0.636846 0.67027 0.0531046 0.0432432
10 0.659314 0.675676 0.0571895 0.0486486
10 0.886846 0.868919 0.144608 0.116216
10 0.752042 0.872973 0.128268 0.124324
10 0.765114 0.748649 0.0694444 0.07567510 0.810458 0.767568 0.0473856 0.0918919110 0.873366 0.814865 0.119281 0.110811

10 0.710784 0.755405 0.0849673 0.0783784
10 0.847631 0.810811 0.0514706 0.113514
17 0.52982 0.555405 0.00571895 0.0351351
17 0.424428 0.551351 0.00735294 0.0324324
17 0.524101 0.544595 0.00408497 0.0297297
15 0.475082 0.540541 0.203431 0.0486486
