7 0.500817 0.714865 0.212418 0.132432
6 0.203023 0.890541 0.406046 0.218919
7 0.561683 0.559459 0.0678105 0.00540541
6 0.41585 0.714865 0.0653595 0.132432
6 0.450163 0.625676 0.0277778 0.0459459
7 0.426471 0.587838 0.0898693 0.0297297
7 0.504493 0.567568 0.0661765 0.0108108
7 0.499592 0.627027 0.115196 0.0486486
7 0.5 0.587838 0.0784314 0.0297297
8 0.602941 0.62973 0.130719 0.0702703
8 0.685049 0.722973 0.258987 0.164865
7 0.486928 0.558108 0.0882353 0.00810811
7 0.311683 0.716216 0.260621 0.12973
8 0.29902 0.62973 0.166667 0.0702703
7 0.394199 0.627027 0.131536 0.0486486
10 0.308415 0.397297 0.175654 0.454054
10 0.118056 0.404054 0.236111 0.808108
10 0.0923203 0.382432 0.184641 0.548649
8 0.389706 0.57973 0.168301 0.0621622
5 0.536356 0.339189 0.13317 0.678378
5
10 0.0857843 0.752703 0.171569 0.37027
5 0.425654 0.389189 0.0539216 0.362162
10 0.125817 0.712162 0.143791 0.310811
10 0.167484 0.391892 0.230392 0.627027
10 0.604575 0.460811 0.0866013 0.235135
6 0.657271 0.577027 0.406046 0.0459459
10 0.178105 0.682432 0.129085 0.240541
9 0.329657 0.467568 0.0187908 0.0594595
11 0.497958 0.551351 0.10049 0.12973
5 0.539624 0.525676 0.000816993 0.132432
5 0.329248 0.541892 0.00326797 0.208108
11 0.566993 0.535135 0.0310458 0.0540541
9 0.539624 0.478378 0.0122549 0.0378378
5 0.671977 0.614865 0.00735294 0.548649
9 0.673203 0.418919 0.0506536 0.162162
