19 0.400327 0.559459 0.00816993 0.0486486
19 0.389706 0.564865 0.00980392 0.0540541
19 0.408905 0.552703 0.00735294 0.0459459
19 0.412582 0.551351 0.00653595 0.0432432
19 0.395425 0.560811 0.00980392 0.0513514
19 0.40482 0.555405 0.00735294 0.0459459
2 0.964461 0.572973 0.0318627 0.0594595
5 0.188317 0.452703 0.0302288 0.262162
19 0.0714869 0.552703 0.0318627 0.0675676
3 0.338644 0.564865 0.0334967 0.0108108
15 0.433415 0.664865 0.86683 0.264865
8 0.178922 0.575676 0.357843 0.027027

10 0.149101 0.313514 0.170752 0.518919
10 0.0866013 0.297297 0.173203 0.594595
2 0.673203 0.587838 0.106209 0.0891892
3 0.453431 0.566216 0.0245098 0.00810811
7 0.718954 0.586486 0.210784 0.0108108
8 0.910539 0.601351 0.178922 0.0297297
7 0.691993 0.577027 0.183007 0.00810811
19 0.414624 0.55 0.00408497 0.0405405
19 0.307598 0.552703 0.0236928 0.0675676
2 0.933415 0.572973 0.0318627 0.0594595
19 0.347222 0.541892 0.0179739 0.0513514
6 0.326389 0.859459 0.200163 0.281081
8 0.340278 0.581081 0.0465686 0.0324324
19 0.159722 0.541892 0.0220588 0.0513514
8 0.247549 0.667568 0.320261 0.183784
3 0.250408 0.577027 0.0416667 0.0135135
2 0.282271 0.571622 0.0318627 0.0567568
2 0.749592 0.572973 0.0318627 0.0594595
2 0.719363 0.572973 0.0318627 0.0594595
2 0.810866 0.572973 0.0318627 0.0594595
2 0.780637 0.572973 0.0318627 0.0594595
2 0.252042 0.571622 0.0318627 0.0567568
2 0.872141 0.572973 0.0318627 0.0594595
2 0.688317 0.572973 0.0318627 0.0594595
2 0.221405 0.571622 0.0310458 0.0567568
2 0.841912 0.572973 0.0318627 0.0594595
2 0.0996732 0.571622 0.0310458 0.0567568
2 0.160539 0.571622 0.0318627 0.0567568
2 0.13031 0.571622 0.0318627 0.0567568
2 0.0690359 0.571622 0.0318627 0.0567568
10 0.95098 0.571622 0.00490196 0.0297297
12 0.719363 0.524324 0.0302288 0.0540541
10 0.944036 0.571622 0.00408497 0.0297297
2 0.270016 0.583784 0.0220588 0.0702703
10 0.935866 0.571622 0.00408497 0.0297297
10 0.933824 0.571622 0.00490196 0.0297297
10 0.95098 0.571622 0.00326797 0.0297297
2 0.0122549 0.571622 0.0245098 0.0567568
2 0.0388072 0.571622 0.0318627 0.0567568
10 0.952206 0.571622 0.00408497 0.0297297
10 0.946895 0.571622 0.00653595 0.0297297
10 0.930556 0.571622 0.00490196 0.0297297
2 0.247141 0.591892 0.0269608 0.0810811
10 0.948121 0.572973 0.00408497 0.0324324
10 0.948121 0.571622 0.00735294 0.0297297
10 0.95098 0.571622 0.00326797 0.0297297
10 0.945261 0.572973 0.00653595 0.0324324
10 0.946078 0.571622 0.00326797 0.0297297
2 0.288807 0.575676 0.0187908 0.0648649
10 0.953023 0.571622 0.00571895 0.0297297
10 0.960784 0.571622 0.00653595 0.0297297
10 0.961601 0.571622 0.00326797 0.0297297
10 0.968954 0.571622 0.00653595 0.0297297
10 0.954248 0.571622 0.00326797 0.0297297
10 0.952614 0.571622 0.00326797 0.0297297
10 0.962418 0.571622 0.00490196 0.0297297
10 0.97018 0.571622 0.00571895 0.0297297
10 0.965686 0.571622 0.00490196 0.0297297
10 0.969363 0.571622 0.00571895 0.0297297
10 0.963644 0.571622 0.00408497 0.0297297
10 0.96201 0.571622 0.00571895 0.0297297
10 0.993056 0.571622 0.00408497 0.0297297
10 0.969771 0.571622 0.00490196 0.0297297
10 0.972631 0.571622 0.00571895 0.0297297
10 0.98652 0.571622 0.00408497 0.0297297
10 0.969363 0.571622 0.00735294 0.0297297
10 0.99183 0.571622 0.00326797 0.0297297
10 0.980392 0.571622 0.00326797 0.0297297
10 0.99469 0.571622 0.00735294 0.0297297
10 0.991422 0.571622 0.00408497 0.0297297
10 0.984477 0.571622 0.00490196 0.0297297
10 0.984069 0.571622 0.00571895 0.0297297
10 0.978758 0.571622 0.00326797 0.0297297
10 0.971405 0.571622 0.00490196 0.0297297
10 0.976307 0.571622 0.00653595 0.0297297
10 0.984477 0.571622 0.00490196 0.0297297
10 0.988562 0.572973 0.00326797 0.0324324
10 0.98366 0.571622 0.00326797 0.0297297
10 0.99469 0.571622 0.00408497 0.0297297
10 0.990196 0.571622 0.00490196 0.0297297
10 0.995507 0.571622 0.00408497 0.0297297
5 0.63848 0.495946 0.00245098 0.143243
5 0.871324 0.385135 0.0465686 0.381081
8
19 0.576389 0.533784 0.00735294 0.0405405
5 0.401961 0.340541 0.0800654 0.52973
19 0.169935 0.556757 0.0147059 0.0594595
5 0.559641 0.491892 0.00326797 0.27027
18 0.427696 0.463514 0.00408497 0.0459459
18 0.560458 0.414865 0.00816993 0.105405
5 0.645425 0.363514 0.0261438 0.451351
10 0.997549 0.571622 0.00490196 0.0297297
5 0.427288 0.495946 0.00163399 0.121622
4 0.78799 0.535135 0.0106209 0.118919
9 0.524101 0.490541 0.00735294 0.0243243
11 0.499592 0.645946 0.257353 0.308108
11 0.499592 0.781081 0.218137 0.437838
