6 0.46732 0.582432 0.0147059 0.0189189
8 0.323121 0.614865 0.14134 0.0567568
8 0.397467 0.566216 0.0694444 0.0243243
8 0.590686 0.614865 0.112745 0.0567568
6 0.456291 0.612162 0.0236928 0.0405405
8 0.774101 0.810811 0.451797 0.378378
7 0.406863 0.613514 0.114379 0.0378378
8 0.551879 0.566216 0.0596405 0.0243243
7 0.446895 0.566216 0.0604575 0.0135135
7 0.499592 0.613514 0.10049 0.0378378
7 0.499592 0.583784 0.0710784 0.0216216
7 0.502451 0.710811 0.223856 0.156757
8 0.565768 0.585135 0.0776144 0.0351351
15 0.466912 0.547297 0.272059 0.0675676
8 0.370507 0.585135 0.0939542 0.0351351
7 0.432598 0.583784 0.0792484 0.0216216
15 0.406454 0.635135 0.788399 0.210811
2 0.905229 0.667568 0.0718954 0.12973
15 0.451389 0.571622 0.404412 0.105405
7 0.310458 0.710811 0.279412 0.156757
2 0.835784 0.668919 0.0718954 0.132432
5 0.511029 0.391892 0.0531046 0.356757
2 0.968954 0.667568 0.0620915 0.12973
5 0.288399 0.362162 0.173203 0.724324
11 0.499592 0.567568 0.120098 0.145946
18 0.22835 0.360811 0.0220588 0.175676
11 0.499592 0.683784 0.13317 0.286486
5 0.221814 0.486486 0.00735294 0.459459
