19 0.903186 0.598649 0.0285948 0.0459459
19 0.789216 0.598649 0.0310458 0.0459459
7 0.636438 0.844595 0.727124 0.310811
8 0.391748 0.57027 0.0743464 0.027027
20 0.0371732 0.524324 0.0743464 0.221622
7 0.597222 0.65 0.338235 0.0783784
8 0.763889 0.617568 0.472222 0.0945946
20 0.0486111 0.566216 0.0334967 0.1
2 0.22835 0.591892 0.0204248 0.0864865
20 0.0449346 0.571622 0.0359477 0.110811
19 0.0347222 0.647297 0.0433007 0.186486
10 0.821487 0.566216 0.11683 0.310811
19 0.680147 0.598649 0.0334967 0.0459459
7 0.880719 0.941892 0.158497 0.0945946
8 0.279412 0.647297 0.267974 0.154054
19 0.824755 0.744595 0.167484 0.22973
7 0.370915 0.651351 0.171569 0.0756757
2 0.733252 0.571622 0.0302288 0.0567568
2 0.993056 0.571622 0.0138889 0.0567568
19 0.273284 0.512162 0.0825163 0.224324
2 0.911765 0.571622 0.0310458 0.0567568
2 0.130719 0.57027 0.0310458 0.0540541
2 0.0710784 0.57027 0.0310458 0.0540541
15 0.459967 0.559459 0.336601 0.0864865
2 0.160948 0.57027 0.0310458 0.0540541
15 0.470997 0.543243 0.239379 0.0594595
2 0.941993 0.571622 0.0310458 0.0567568
2 0.191176 0.57027 0.0310458 0.0540541
2 0.220588 0.57027 0.0310458 0.0540541
2 0.763072 0.571622 0.0310458 0.0567568
2 0.971814 0.571622 0.0318627 0.0567568
2 0.852533 0.571622 0.0302288 0.0567568
2 0.100899 0.57027 0.0318627 0.0540541
19 0.899918 0.587838 0.0253268 0.0945946
5 0.406454 0.35 0.0743464 0.494595
11 0.499592 0.577027 0.138072 0.164865
18 0.783905 0.412162 0.0155229 0.110811
2 0.673611 0.571622 0.0302288 0.0567568
5 0.375408 0.493243 0.00245098 0.202703
11 0.499592 0.714865 0.154412 0.332432
18 0.377042 0.436486 0.00735294 0.0783784
2 0.703431 0.571622 0.0310458 0.0567568
5 0.776552 0.491892 0.00408497 0.286486
2 0.643791 0.571622 0.0310458 0.0567568
