19 0.420752 0.547297 0.00653595 0.0405405
10 0.154003 0.317568 0.167484 0.510811
19 0.86152 0.566216 0.0759804 0.00810811
19 0.165441 0.541892 0.0220588 0.0513514
3 0.368873 0.552703 0.0253268 0.00810811
19 0.423611 0.545946 0.00571895 0.0378378
19 0.428922 0.541892 0.00490196 0.0351351
8 0.372958 0.564865 0.0302288 0.0216216
19 0.426471 0.544595 0.00490196 0.0351351
19 0.417484 0.55 0.00653595 0.0405405
19 0.414216 0.551351 0.00653595 0.0432432
8 0.743464 0.608108 0.433007 0.0810811
7 0.349265 0.677027 0.201797 0.0891892
8 0.338644 0.609459 0.175654 0.0945946
2 0.625 0.563514 0.0686275 0.0621622
7 0.544526 0.575676 0.154412 0.0216216
19 0.350082 0.541892 0.0171569 0.0513514
8 0.191585 0.560811 0.38317 0.0189189
7 0.408088 0.609459 0.118464 0.0459459
6 0.701797 0.587838 0.51634 0.0891892
7 0.500408 0.677027 0.167484 0.0891892
7 0.501225 0.609459 0.103758 0.0459459
15 0.438317 0.589189 0.505719 0.12973
8 0.829657 0.578378 0.156046 0.0216216
7 0.439134 0.575676 0.0727124 0.0216216
6 0.431373 0.677027 0.0473856 0.0891892
5 0.256944 0.463514 0.0220588 0.202703
15 0.496324 0.718919 0.992647 0.362162
8 0.217729 0.683784 0.267157 0.118919
2 0.944036 0.555405 0.0236928 0.0459459
2 0.828023 0.556757 0.0236928 0.0432432
19 0.375408 0.535135 0.0138889 0.0432432
6 0.318627 0.860811 0.212418 0.278378
2 0.781454 0.556757 0.0236928 0.0432432
2 0.988971 0.555405 0.0220588 0.0459459
2 0.897467 0.556757 0.0236928 0.0432432
2 0.920752 0.556757 0.0245098 0.0432432
2 0.804739 0.556757 0.0245098 0.0432432
2 0.874183 0.556757 0.0245098 0.0432432
2 0.96732 0.555405 0.0245098 0.0459459
2 0.851307 0.556757 0.0245098 0.0432432
2 0.735294 0.556757 0.0245098 0.0432432
2 0.758578 0.556757 0.0236928 0.0432432
2 0.71201 0.556757 0.0236928 0.0432432
2 0.0134804 0.554054 0.0236928 0.0432432
2 0.128676 0.554054 0.0236928 0.0432432
2 0.335376 0.554054 0.0236928 0.0432432
2 0.174428 0.554054 0.0236928 0.0432432

2 0.0825163 0.554054 0.0245098 0.0432432
2 0.66585 0.556757 0.0245098 0.0432432

5 0.426879 0.37973 0.0596405 0.397297
5 0.53799 0.366216 0.17402 0.732432
10 0.877042 0.555405 0.00408497 0.0243243
10 0.862337 0.555405 0.00408497 0.0243243
10 0.847631 0.555405 0.00408497 0.0243243
2 0.319853 0.566216 0.0138889 0.0567568
19 0.564542 0.528378 0.00653595 0.0351351
10 0.845997 0.558108 0.00408497 0.0243243
10 0.866013 0.556757 0.00490196 0.0216216
10 0.849673 0.556757 0.00490196 0.0216216
10 0.885621 0.556757 0.00490196 0.0216216
10 0.85335 0.555405 0.00408497 0.0243243
10 0.888889 0.556757 0.00490196 0.0216216
10 0.868056 0.555405 0.00408497 0.0243243
10 0.865196 0.555405 0.00490196 0.0243243
19 0.242239 0.544595 0.0106209 0.0459459
5 0.614788 0.394595 0.0171569 0.351351
18 0.542892 0.440541 0.00571895 0.0756757
10 0.865605 0.555405 0.00408497 0.0243243
2 0.331699 0.560811 0.0114379 0.0513514
10 0.865605 0.555405 0.00408497 0.0243243
10 0.870915 0.556757 0.00490196 0.0216216
10 0.85866 0.555405 0.00490196 0.0243243
11 0.5 0.578378 0.135621 0.162162
11 0.5 0.654054 0.111111 0.237838
5 0.542892 0.494595 0.00245098 0.189189
18 0.61683 0.463514 0.00490196 0.0459459
4 0.73366 0.528378 0.00816993 0.0891892
